coachID,year,tmID,lgID,stint,notes,g,w,l,t,otl,postg,postw,postl,postt
abelsi01c,1952,CHI,NHL,1,,70,27,28,15,,7,3,4,0
abelsi01c,1953,CHI,NHL,1,,70,12,51,7,,,,,
abelsi01c,1957,DET,NHL,2,,33,16,12,5,,4,0,4,0
abelsi01c,1958,DET,NHL,1,,70,25,37,8,,,,,
abelsi01c,1959,DET,NHL,1,,70,26,29,15,,6,2,4,0
abelsi01c,1960,DET,NHL,1,,70,25,29,16,,11,6,5,0
abelsi01c,1961,DET,NHL,1,,70,23,33,14,,,,,
abelsi01c,1962,DET,NHL,1,,70,32,25,13,,11,5,6,0
abelsi01c,1963,DET,NHL,1,,70,30,29,11,,14,7,7,0
abelsi01c,1964,DET,NHL,1,,70,40,23,7,,7,3,4,0
abelsi01c,1965,DET,NHL,1,,70,31,27,12,,12,6,6,0
abelsi01c,1966,DET,NHL,1,,70,27,39,4,,,,,
abelsi01c,1967,DET,NHL,1,,74,27,35,12,,,,,
abelsi01c,1969,DET,NHL,2,,74,38,21,15,,4,0,4,0
abelsi01c,1971,STL,NHL,1,,10,3,6,1,,,,,
abelsi01c,1975,KCS,NHL,2,,3,0,3,0,,,,,
adamsja01c,1927,DTC,NHL,1,,44,19,19,6,,,,,
adamsja01c,1928,DTC,NHL,1,,44,19,16,9,,2,0,2,0
adamsja01c,1929,DTC,NHL,1,,44,14,24,6,,,,,
adamsja01c,1930,DTF,NHL,1,,44,16,21,7,,,,,
adamsja01c,1931,DTF,NHL,1,,48,18,20,10,,2,0,1,1
adamsja01c,1932,DET,NHL,1,,48,25,15,8,,4,2,2,0
adamsja01c,1933,DET,NHL,1,,48,24,14,10,,9,4,5,0
adamsja01c,1934,DET,NHL,1,,48,19,22,7,,,,,
adamsja01c,1935,DET,NHL,1,,48,24,16,8,,7,6,1,0
adamsja01c,1936,DET,NHL,1,,48,25,14,9,,10,6,4,0
adamsja01c,1937,DET,NHL,1,,48,12,25,11,,,,,
adamsja01c,1938,DET,NHL,1,,48,18,24,6,,6,3,3,0
adamsja01c,1939,DET,NHL,1,,48,16,26,6,,5,2,3,0
adamsja01c,1940,DET,NHL,1,,48,21,16,11,,9,4,5,0
adamsja01c,1941,DET,NHL,1,,48,19,25,4,,12,7,5,0
adamsja01c,1942,DET,NHL,1,,50,25,14,11,,10,8,2,0
adamsja01c,1943,DET,NHL,1,,50,26,18,6,,5,1,4,0
adamsja01c,1944,DET,NHL,1,,50,31,14,5,,14,7,7,0
adamsja01c,1945,DET,NHL,1,,50,20,20,10,,5,1,4,0
adamsja01c,1946,DET,NHL,1,,60,22,27,11,,5,1,4,0
agnewga01c,2006,CBS,NHL,2,interim,5,0,4,,1,,,,
allenke01c,1967,PHI,NHL,1,,74,31,32,11,,7,3,4,0
allenke01c,1968,PHI,NHL,1,,76,20,35,21,,4,0,4,0
allisda01c,1995,OTT,NHL,2,,25,2,22,1,,,,,
anderji01c,1974,WAS,NHL,1,,54,4,45,5,,,,,
anderjo01c,2008,ATL,NHL,1,,82,35,41,,6,,,,
anderjo01c,2009,ATL,NHL,1,,82,35,34,,13,,,,
angotlo01c,1973,STL,NHL,2,,23,4,15,4,,,,,
angotlo01c,1974,STL,NHL,1,,9,2,5,2,,,,,
angotlo01c,1983,PIT,NHL,1,,80,16,58,6,,,,,
arboual01c,1970,STL,NHL,1,,50,21,15,14,,,,,
arboual01c,1971,STL,NHL,3,,44,19,19,6,,11,4,7,0
arboual01c,1972,STL,NHL,1,,13,2,6,5,,,,,
arboual01c,1973,NYI,NHL,1,,78,19,41,18,,,,,
arboual01c,1974,NYI,NHL,1,,80,33,25,22,,17,9,8,0
arboual01c,1975,NYI,NHL,1,,80,42,21,17,,13,7,6,0
arboual01c,1976,NYI,NHL,1,,80,47,21,12,,12,8,4,0
arboual01c,1977,NYI,NHL,1,,80,48,17,15,,7,3,4,0
arboual01c,1978,NYI,NHL,1,,80,51,15,14,,10,6,4,0
arboual01c,1979,NYI,NHL,1,,80,39,28,13,,21,15,6,0
arboual01c,1980,NYI,NHL,1,,80,48,18,14,,18,15,3,0
arboual01c,1981,NYI,NHL,1,,80,54,16,10,,19,15,4,0
arboual01c,1982,NYI,NHL,1,,80,42,26,12,,20,15,5,0
arboual01c,1983,NYI,NHL,1,,80,50,26,4,,21,12,9,0
arboual01c,1984,NYI,NHL,1,,80,40,34,6,,10,4,6,0
arboual01c,1985,NYI,NHL,1,,80,39,29,12,,3,0,3,0
arboual01c,1988,NYI,NHL,2,,53,21,29,3,,,,,
arboual01c,1989,NYI,NHL,1,,80,31,38,11,,5,1,4,0
arboual01c,1990,NYI,NHL,1,,80,25,45,10,,,,,
arboual01c,1991,NYI,NHL,1,,80,34,35,11,,,,,
arboual01c,1992,NYI,NHL,1,,84,40,37,7,,18,9,9,0
arboual01c,1993,NYI,NHL,1,,84,36,36,12,,4,0,4,0
arboual01c,2007,NYI,NHL,2,interim,1,1,0,,0,,,,
armstge01c,1988,TOR,NHL,2,,47,17,26,4,,,,,
arniesc01c,2010,CBS,NHL,1,,82,34,35,,13,,,,
arniesc01c,2011,CBS,NHL,1,,41,11,25,,5,,,,
babcomi01c,2002,ANA,NHL,1,,82,40,27,9,6,21,15,6,0
babcomi01c,2003,ANA,NHL,1,,82,29,35,10,8,,,,
babcomi01c,2005,DET,NHL,1,,82,58,16,,8,6,2,4,0
babcomi01c,2006,DET,NHL,1,,82,50,19,,13,18,10,8,0
babcomi01c,2007,DET,NHL,1,,82,54,21,,7,22,16,6,0
babcomi01c,2008,DET,NHL,1,,82,51,21,,10,23,15,8,0
babcomi01c,2009,DET,NHL,1,,82,44,24,,14,12,5,7,0
babcomi01c,2010,DET,NHL,1,,82,47,25,,19,11,7,4,0
babcomi01c,2011,DET,NHL,1,,82,48,28,,6,5,1,4,0
barbebi01c,2000,PHI,NHL,2,,54,31,13,7,3,6,2,4,0
barbebi01c,2001,PHI,NHL,1,,82,42,27,10,3,5,1,4,0
barkldo01c,1970,DET,NHL,2,,40,10,23,7,,,,,
barkldo01c,1971,DET,NHL,1,,11,3,8,0,,,,,
barkldo01c,1975,DET,NHL,1,,26,7,15,4,,,,,
bassejo01c,1977,BIR,WHA,2,interim,3,0,3,0,,,,,
bathgan01c,1973,VAB,WHA,3,,59,21,37,1,,,,,
baunbo01c,1975,TOT,WHA,1,,55,15,35,5,,,,,
beaulan01c,1977,MNS,NHL,2,,32,6,23,3,,,,,
belisda01c,1978,WAS,NHL,1,,80,24,41,15,,,,,
belisda01c,1979,WAS,NHL,1,,16,4,10,2,,,,,
berenre01c,1979,STL,NHL,2,,56,27,20,9,,3,0,3,0
berenre01c,1980,STL,NHL,1,,80,45,18,17,,11,5,6,0
berenre01c,1981,STL,NHL,1,,68,28,34,6,,,,,
bergemi03c,1980,QUE,NHL,2,,74,29,29,16,,5,2,3,0
bergemi03c,1981,QUE,NHL,1,,80,33,31,16,,16,7,9,0
bergemi03c,1982,QUE,NHL,1,,80,34,34,12,,4,1,3,0
bergemi03c,1983,QUE,NHL,1,,80,42,28,10,,9,5,4,0
bergemi03c,1984,QUE,NHL,1,,80,41,30,9,,18,9,9,0
bergemi03c,1985,QUE,NHL,1,,80,43,31,6,,3,0,3,0
bergemi03c,1986,QUE,NHL,1,,80,31,39,10,,13,7,6,0
bergemi03c,1987,NYR,NHL,1,,80,36,34,10,,,,,
bergemi03c,1988,NYR,NHL,1,,78,37,33,8,,,,,
bergemi03c,1989,QUE,NHL,1,,80,12,61,7,,,,,
berrybo01c,1978,LAK,NHL,1,,80,34,34,12,,2,0,2,0
berrybo01c,1979,LAK,NHL,1,,80,30,36,14,,4,1,3,0
berrybo01c,1980,LAK,NHL,1,,80,43,24,13,,4,1,3,0
berrybo01c,1981,MTL,NHL,1,,80,46,17,17,,5,2,3,0
berrybo01c,1982,MTL,NHL,1,,80,42,24,14,,3,0,3,0
berrybo01c,1983,MTL,NHL,1,,63,28,30,5,,,,,
berrybo01c,1984,PIT,NHL,1,,80,24,51,5,,,,,
berrybo01c,1985,PIT,NHL,1,,80,34,38,8,,,,,
berrybo01c,1986,PIT,NHL,1,,80,30,38,12,,,,,
berrybo01c,1992,STL,NHL,2,,73,33,30,10,,11,7,4,0
berrybo01c,1993,STL,NHL,1,,84,40,33,11,,4,0,4,0
beverni01c,1995,TOR,NHL,2,,17,9,6,2,,6,2,4,0
blackdo01c,1975,NEW,WHA,2,,35,14,18,3,,,,,
blackdo01c,1978,NEW,WHA,2,,9,4,5,0,,10,5,5,0
blackdo01c,1979,HAR,NHL,1,,80,27,34,19,,3,0,3,0
blackdo01c,1980,HAR,NHL,1,,60,15,29,16,,,,,
blairwr01c,1967,MNS,NHL,1,,74,27,32,15,,14,7,7,0
blairwr01c,1968,MNS,NHL,1,,10,3,6,1,,,,,
blairwr01c,1968,MNS,NHL,3,,31,9,14,8,,,,,
blairwr01c,1969,MNS,NHL,1,,32,9,13,10,,,,,
blaketo01c,1955,MTL,NHL,1,,70,45,15,10,,10,8,2,0
blaketo01c,1956,MTL,NHL,1,,70,35,23,12,,10,8,2,0
blaketo01c,1957,MTL,NHL,1,,70,43,17,10,,10,8,2,0
blaketo01c,1958,MTL,NHL,1,,70,39,18,13,,11,8,3,0
blaketo01c,1959,MTL,NHL,1,,70,40,18,12,,8,8,0,0
blaketo01c,1960,MTL,NHL,1,,70,41,19,10,,6,2,4,0
blaketo01c,1961,MTL,NHL,1,,70,42,14,14,,6,2,4,0
blaketo01c,1962,MTL,NHL,1,,70,28,19,23,,5,1,4,0
blaketo01c,1963,MTL,NHL,1,,70,36,21,13,,7,3,4,0
blaketo01c,1964,MTL,NHL,1,,70,36,23,11,,13,8,5,0
blaketo01c,1965,MTL,NHL,1,,70,41,21,8,,10,8,2,0
blaketo01c,1966,MTL,NHL,1,,70,32,25,13,,10,6,4,0
blaketo01c,1967,MTL,NHL,1,,74,42,22,10,,13,12,1,0
boilema01c,1973,PIT,NHL,2,,28,14,10,4,,,,,
boilema01c,1974,PIT,NHL,1,,80,37,28,15,,9,5,4,0
boilema01c,1975,PIT,NHL,1,,43,15,23,5,,,,,
boilema01c,1976,QUN,WHA,1,,81,47,31,3,,17,12,5,0
boilema01c,1977,QUN,WHA,1,,59,27,30,2,,,,,
boivile01c,1975,STL,NHL,3,,43,17,17,9,,3,1,2,0
boivile01c,1977,STL,NHL,1,,54,11,36,7,,,,,
boondi01c,1909,MOW,NHA,1,,12,11,1,0,,,,,
boondi01c,1911,MOW,NHA,1,,18,9,9,0,,,,,
boondi01c,1912,MOW,NHA,1,,20,10,10,0,,,,,
boondi01c,1913,MOW,NHA,1,,15,4,11,0,,,,,
boondi01c,1914,MOW,NHA,1,,20,14,6,0,,,,,
boondi01c,1915,MOW,NHA,1,,24,10,14,0,,,,,
boondi01c,1916,MOW,NHA,1,,20,5,15,0,,,,,
bouchfr01c,1939,NYR,NHL,1,,48,27,11,10,,12,8,4,0
bouchfr01c,1940,NYR,NHL,1,,48,21,19,8,,3,1,2,0
bouchfr01c,1941,NYR,NHL,1,,48,29,17,2,,6,2,4,0
bouchfr01c,1942,NYR,NHL,1,,50,11,31,8,,,,,
bouchfr01c,1943,NYR,NHL,1,,50,6,39,5,,,,,
bouchfr01c,1944,NYR,NHL,1,,50,11,29,10,,,,,
bouchfr01c,1945,NYR,NHL,1,,50,13,28,9,,,,,
bouchfr01c,1946,NYR,NHL,1,,60,22,32,6,,,,,
bouchfr01c,1947,NYR,NHL,1,,60,21,26,13,,6,2,4,0
bouchfr01c,1948,NYR,NHL,1,,23,6,11,6,,,,,
bouchfr01c,1953,NYR,NHL,1,,40,14,20,6,,,,,
bouchge01c,1930,MTM,NHL,2,,12,6,5,1,,2,0,2,0
bouchge01c,1933,OTS,NHL,1,,48,13,29,6,,,,,
bouchge01c,1934,STE,NHL,2,,35,9,20,6,,,,,
bouchge01c,1949,BOS,NHL,1,,70,22,32,16,,,,,
bouchgu01c,2010,TBL,NHL,1,,82,46,25,,11,18,11,7,0
bouchgu01c,2011,TBL,NHL,1,,82,38,36,,8,,,,
boudrbr01c,2007,WAS,NHL,2,,61,37,17,,7,7,3,4,0
boudrbr01c,2008,WAS,NHL,1,,82,50,24,,8,14,7,7,0
boudrbr01c,2009,WAS,NHL,1,,82,54,15,,13,7,3,4,0
boudrbr01c,2010,WAS,NHL,1,,82,48,23,,11,9,4,5,0
boudrbr01c,2011,WAS,NHL,1,,22,12,9,,1,,,,
boudrbr01c,2011,AND,NHL,2,,58,27,23,,8,,,,
bowmasc01c,1967,STL,NHL,2,,58,23,21,14,,18,8,10,0
bowmasc01c,1968,STL,NHL,1,,76,37,25,14,,12,8,4,0
bowmasc01c,1969,STL,NHL,1,,76,37,27,12,,16,8,8,0
bowmasc01c,1970,STL,NHL,2,,28,13,10,5,,6,2,4,0
bowmasc01c,1971,MTL,NHL,1,,78,46,16,16,,6,2,4,0
bowmasc01c,1972,MTL,NHL,1,,78,52,10,16,,17,12,5,0
bowmasc01c,1973,MTL,NHL,1,,78,45,24,9,,6,2,4,0
bowmasc01c,1974,MTL,NHL,1,,80,47,14,19,,11,6,5,0
bowmasc01c,1975,MTL,NHL,1,,80,58,11,11,,13,12,1,0
bowmasc01c,1976,MTL,NHL,1,,80,60,8,12,,14,12,2,0
bowmasc01c,1977,MTL,NHL,1,,80,59,10,11,,15,12,3,0
bowmasc01c,1978,MTL,NHL,1,,80,52,17,11,,16,12,4,0
bowmasc01c,1979,BUF,NHL,1,,80,47,17,16,,14,9,5,0
bowmasc01c,1981,BUF,NHL,1,,26,14,5,7,,,,,
bowmasc01c,1981,BUF,NHL,3,,9,4,5,0,,4,1,3,0
bowmasc01c,1982,BUF,NHL,1,,80,38,29,13,,10,6,4,0
bowmasc01c,1983,BUF,NHL,1,,80,48,25,7,,3,0,3,0
bowmasc01c,1984,BUF,NHL,1,,80,38,28,14,,5,2,3,0
bowmasc01c,1985,BUF,NHL,2,,37,18,18,1,,,,,
bowmasc01c,1986,BUF,NHL,1,,12,3,7,2,,,,,
bowmasc01c,1991,PIT,NHL,1,,80,39,32,9,,21,16,5,0
bowmasc01c,1992,PIT,NHL,1,,84,56,21,7,,12,7,5,0
bowmasc01c,1993,DET,NHL,1,,84,46,30,8,,7,3,4,0
bowmasc01c,1994,DET,NHL,1,,48,33,11,4,,18,12,6,0
bowmasc01c,1995,DET,NHL,1,,82,62,13,7,,19,10,9,0
bowmasc01c,1996,DET,NHL,1,,82,38,26,18,,20,16,4,0
bowmasc01c,1997,DET,NHL,1,,82,44,23,15,,22,16,6,0
bowmasc01c,1998,DET,NHL,2,,77,39,31,7,,10,6,4,0
bowmasc01c,1999,DET,NHL,1,,82,48,22,10,2,9,5,4,0
bowmasc01c,2000,DET,NHL,1,,82,49,20,9,4,6,2,4,0
bowmasc01c,2001,DET,NHL,1,,82,51,17,10,4,23,16,7,0
bowneri01c,1988,WIN,NHL,2,,28,8,17,3,,,,,
bowneri01c,1991,BOS,NHL,1,,80,36,32,12,,15,8,7,0
bowneri01c,1992,OTT,NHL,1,,84,10,70,4,,,,,
bowneri01c,1993,OTT,NHL,1,,84,14,61,9,,,,,
bowneri01c,1994,OTT,NHL,1,,48,9,34,5,,,,,
bowneri01c,1995,OTT,NHL,1,,19,6,13,0,,,,,
bowneri01c,1996,NYI,NHL,2,,37,16,18,3,,,,,
bowneri01c,1997,NYI,NHL,1,,63,22,32,9,,,,,
bowneri01c,2003,PHO,NHL,2,,20,2,12,3,3,,,,
brookhe01c,1981,NYR,NHL,1,,80,39,27,14,,10,5,5,0
brookhe01c,1982,NYR,NHL,1,,80,35,35,10,,9,5,4,0
brookhe01c,1983,NYR,NHL,1,,80,42,29,9,,5,2,3,0
brookhe01c,1984,NYR,NHL,1,,45,15,22,8,,,,,
brookhe01c,1987,MNS,NHL,1,,80,19,48,13,,,,,
brookhe01c,1992,NJD,NHL,1,,84,40,37,7,,5,1,4,0
brookhe01c,1999,PIT,NHL,2,,57,29,21,5,2,11,6,5,0
brophjo01c,1978,BIR,WHA,1,,80,32,42,6,,,,,
brophjo01c,1986,TOR,NHL,1,,80,32,42,6,,13,7,6,0
brophjo01c,1987,TOR,NHL,1,,80,21,49,10,,6,2,4,0
brophjo01c,1988,TOR,NHL,1,,33,11,20,2,,,,,
burnege01c,1994,EDM,NHL,1,,35,12,20,3,,,,,
burnsch01c,1969,MNS,NHL,2,,44,10,22,12,,6,2,4,0
burnsch01c,1974,MNS,NHL,2,,42,12,28,2,,,,,
burnspa01c,1988,MTL,NHL,1,,80,53,18,9,,21,14,7,0
burnspa01c,1989,MTL,NHL,1,,80,41,28,11,,11,5,6,0
burnspa01c,1990,MTL,NHL,1,,80,39,30,11,,13,7,6,0
burnspa01c,1991,MTL,NHL,1,,80,41,28,11,,11,4,7,0
burnspa01c,1992,TOR,NHL,1,,84,44,29,11,,21,11,10,0
burnspa01c,1993,TOR,NHL,1,,84,43,29,12,,18,9,9,0
burnspa01c,1994,TOR,NHL,1,,48,21,19,8,,7,3,4,0
burnspa01c,1995,TOR,NHL,1,,65,25,30,10,,,,,
burnspa01c,1997,BOS,NHL,1,,82,39,30,13,,6,2,4,0
burnspa01c,1998,BOS,NHL,1,,82,39,30,13,,12,6,6,0
burnspa01c,1999,BOS,NHL,1,,82,24,33,19,6,,,,
burnspa01c,2000,BOS,NHL,1,,8,3,4,1,0,,,,
burnspa01c,2002,NJD,NHL,1,,82,46,20,10,6,24,16,8,0
burnspa01c,2003,NJD,NHL,1,,82,43,25,12,2,5,1,4,0
bushed01c,1975,KCS,NHL,3,,32,1,23,8,,,,,
bylsmda01c,2008,PIT,NHL,2,,25,18,3,,4,24,16,8,0
bylsmda01c,2009,PIT,NHL,1,,82,47,28,,7,13,7,6,0
bylsmda01c,2010,PIT,NHL,1,,82,49,25,,8,7,3,4,0
bylsmda01c,2011,PIT,NHL,1,,82,51,25,,6,6,2,4,0
campbco01c,1994,NYR,NHL,1,,48,22,23,3,,10,4,6,0
campbco01c,1995,NYR,NHL,1,,82,41,27,14,,11,5,6,0
campbco01c,1996,NYR,NHL,1,,82,38,34,10,,15,9,6,0
campbco01c,1997,NYR,NHL,1,,57,17,24,16,,,,,
capuaja01c,2010,NYI,NHL,2,,65,26,29,,10,,,,
capuaja01c,2011,NYI,NHL,1,,82,34,37,,11,,,,
carbogu01c,2006,MTL,NHL,1,,82,42,34,,6,,,,
carbogu01c,2007,MTL,NHL,1,,82,47,25,,10,12,5,7,0
carbogu01c,2008,MTL,NHL,1,,66,35,24,,7,,,,
carlyra01c,2005,ANA,NHL,1,,82,43,27,,12,16,9,7,0
carlyra01c,2006,AND,NHL,1,,82,48,20,,14,21,16,5,0
carlyra01c,2007,AND,NHL,1,,82,47,27,,8,6,2,4,0
carlyra01c,2008,AND,NHL,1,,82,42,33,,7,13,7,6,0
carlyra01c,2009,AND,NHL,1,,82,39,32,,11,,,,
carlyra01c,2010,AND,NHL,1,,82,47,30,,5,6,2,4,0
carlyra01c,2011,AND,NHL,1,,24,7,13,,4,,,,
carlyra01c,2011,TOR,NHL,2,,18,6,9,,3,,,,
carpedo01c,1984,NJD,NHL,1,,80,22,48,10,,,,,
carpedo01c,1985,NJD,NHL,1,,80,28,49,3,,,,,
carpedo01c,1986,NJD,NHL,1,,80,29,45,6,,,,,
carpedo01c,1987,NJD,NHL,1,,50,21,24,5,,,,,
carpedo01c,1989,TOR,NHL,1,,80,38,38,4,,5,1,4,0
carpedo01c,1990,TOR,NHL,1,,11,1,9,1,,,,,
carrodi01c,1917,TOA,NHL,1,,22,13,9,0,,7,4,3,0
carrodi01c,1918,TOA,NHL,1,,18,5,13,0,,,,,
carrofr01c,1920,TRS,NHL,1,,24,15,9,0,,2,0,2,0
cashmwa01c,1997,PHI,NHL,1,,61,32,20,9,,,,,
cassibr01c,2002,WAS,NHL,1,,82,39,29,8,6,6,2,4,0
cassibr01c,2003,WAS,NHL,1,,28,8,18,1,1,,,,
chambda01c,1990,QUE,NHL,1,,80,16,50,14,,,,,
chambda01c,1991,QUE,NHL,1,,18,3,14,1,,,,,
champwe01c,1921,REG,WCHL,1,,24,14,10,0,,6,3,1,2
champwe01c,1922,REG,WCHL,1,,30,16,14,0,,2,0,1,1
champwe01c,1923,REG,WCHL,1,,30,17,11,2,,2,0,1,1
champwe01c,1924,REG,WCHL,1,,28,8,20,0,,,,,
charrgu01c,1991,CAL,NHL,2,,16,6,7,3,,,,,
charrgu01c,2000,ANA,NHL,2,,49,14,26,7,2,,,,
cheevge01c,1980,BOS,NHL,1,,80,37,30,13,,3,0,3,0
cheevge01c,1981,BOS,NHL,1,,80,43,27,10,,11,6,5,0
cheevge01c,1982,BOS,NHL,1,,80,50,20,10,,17,9,8,0
cheevge01c,1983,BOS,NHL,1,,80,49,25,6,,3,0,3,0
cheevge01c,1984,BOS,NHL,1,,56,25,24,7,,,,,
cherrdo01c,1974,BOS,NHL,1,,80,40,26,14,,3,1,2,0
cherrdo01c,1975,BOS,NHL,1,,80,48,15,17,,12,5,7,0
cherrdo01c,1976,BOS,NHL,1,,80,49,23,8,,14,8,6,0
cherrdo01c,1977,BOS,NHL,1,,80,51,18,11,,15,10,5,0
cherrdo01c,1978,BOS,NHL,1,,80,43,23,14,,11,7,4,0
cherrdo01c,1979,COR,NHL,1,,80,19,48,13,,,,,
clancki01c,1937,MTM,NHL,1,,18,6,11,1,,,,,
clancki01c,1953,TOR,NHL,1,,70,32,24,14,,5,1,4,0
clancki01c,1954,TOR,NHL,1,,70,24,24,22,,4,0,4,0
clancki01c,1955,TOR,NHL,1,,70,24,33,13,,5,1,4,0
clappdi01c,1945,BOS,NHL,1,,50,24,18,8,,10,5,5,0
clappdi01c,1946,BOS,NHL,1,,60,26,23,11,,5,1,4,0
clappdi01c,1947,BOS,NHL,1,,60,23,24,13,,5,1,4,0
clappdi01c,1948,BOS,NHL,1,,60,29,23,8,,5,1,4,0
cleghod01c,1925,PIP,NHL,1,,36,19,16,1,,2,0,1,1
cleghod01c,1926,PIP,NHL,1,,44,15,26,3,,,,,
cleghod01c,1927,PIP,NHL,1,,44,19,17,8,,2,1,1,0
cleghod01c,1928,PIP,NHL,1,,44,9,27,8,,,,,
cleghsp01c,1931,MTM,NHL,1,,48,19,22,7,,4,1,1,2
clousco01c,2008,OTT,NHL,2,,34,19,11,,4,,,,
clousco01c,2009,OTT,NHL,1,,82,44,32,,6,6,2,4,0
clousco01c,2010,OTT,NHL,1,,82,32,40,,10,,,,
colvine01c,1950,NYR,NHL,1,,70,20,29,21,,,,,
colvine01c,1951,NYR,NHL,1,,23,6,12,5,,,,,
conacch01c,1947,CHI,NHL,2,,32,13,15,4,,,,,
conacch01c,1948,CHI,NHL,1,,60,21,31,8,,,,,
conacch01c,1949,CHI,NHL,1,,70,22,38,10,,,,,
conacli01c,1929,NYA,NHL,1,,44,14,25,5,,,,,
constke01c,1993,SJS,NHL,1,,84,33,35,16,,14,7,7,0
constke01c,1994,SJS,NHL,1,,48,19,25,4,,11,4,7,0
constke01c,1995,SJS,NHL,1,,25,3,18,4,,,,,
constke01c,1997,PIT,NHL,1,,82,40,24,18,,6,2,4,0
constke01c,1998,PIT,NHL,1,,82,38,30,14,,13,6,7,0
constke01c,1999,PIT,NHL,1,,25,8,10,3,4,,,,
constke01c,2001,NJD,NHL,2,,31,20,8,2,1,6,2,4,0
cookbi01c,1951,NYR,NHL,2,,47,17,22,8,,,,,
cookbi01c,1952,NYR,NHL,1,,70,17,37,16,,,,,
crawfma01c,1994,QUE,NHL,1,,48,30,13,5,,6,2,4,0
crawfma01c,1995,COL,NHL,1,,82,47,25,10,,22,16,6,0
crawfma01c,1996,COL,NHL,1,,82,49,24,9,,17,10,7,0
crawfma01c,1997,COL,NHL,1,,82,39,26,17,,7,3,4,0
crawfma01c,1998,VAN,NHL,2,,37,8,23,6,,,,,
crawfma01c,1999,VAN,NHL,1,,82,30,29,15,8,,,,
crawfma01c,2000,VAN,NHL,1,,82,36,28,11,7,4,0,4,0
crawfma01c,2001,VAN,NHL,1,,82,42,30,7,3,6,2,4,0
crawfma01c,2002,VAN,NHL,1,,82,45,23,13,1,14,7,7,0
crawfma01c,2003,VAN,NHL,1,,82,43,24,10,5,7,3,4,0
crawfma01c,2005,VAN,NHL,1,,82,42,32,,8,,,,
crawfma01c,2006,LAK,NHL,1,,82,27,41,,14,,,,
crawfma01c,2007,LAK,NHL,1,,82,32,43,,7,,,,
crawfma01c,2009,DAL,NHL,1,,82,37,31,,14,,,,
crawfma01c,2010,DAL,NHL,1,,82,42,29,,11,,,,
creampi01c,1987,PIT,NHL,1,,80,36,35,9,,,,,
creigfr01c,1974,ATF,NHL,2,,28,12,11,5,,,,,
creigfr01c,1975,ATF,NHL,1,,80,35,33,12,,2,0,2,0
creigfr01c,1976,ATF,NHL,1,,80,34,34,12,,3,1,2,0
creigfr01c,1977,ATF,NHL,1,,80,34,27,19,,2,0,2,0
creigfr01c,1978,ATF,NHL,1,,80,41,31,8,,2,0,2,0
creigfr01c,1979,BOS,NHL,1,,73,40,20,13,,,,,
crispte01c,1987,CAL,NHL,1,,80,48,23,9,,9,4,5,0
crispte01c,1988,CAL,NHL,1,,80,54,17,9,,22,16,6,0
crispte01c,1989,CAL,NHL,1,,80,42,23,15,,6,2,4,0
crispte01c,1992,TBL,NHL,1,,84,23,54,7,,,,,
crispte01c,1993,TBL,NHL,1,,84,30,43,11,,,,,
crispte01c,1994,TBL,NHL,1,,48,17,28,3,,,,,
crispte01c,1995,TBL,NHL,1,,82,38,32,12,,6,2,4,0
crispte01c,1996,TBL,NHL,1,,82,32,40,10,,,,,
crispte01c,1997,TBL,NHL,1,,11,2,7,2,,,,,
crozijo01c,1971,BUF,NHL,3,,36,8,19,9,,,,,
crozijo01c,1972,BUF,NHL,1,,78,37,27,14,,6,2,4,0
crozijo01c,1973,BUF,NHL,1,,78,32,34,12,,,,,
crozijo01c,1974,VAB,WHA,1,,78,37,39,2,,,,,
crozijo01c,1975,CAC,WHA,1,,80,41,35,4,,10,5,5,0
crozijo01c,1976,CAC,WHA,1,,81,31,43,7,,,,,
crozijo01c,1980,TOR,NHL,1,,40,13,22,5,,,,,
croziro01c,1981,WAS,NHL,2,,1,0,1,0,,,,,
cunnera01c,2011,MTL,NHL,2,,50,18,23,,9,,,,
cunnijo01c,1982,HAR,NHL,3,,13,3,9,1,,,,,
cunnijo01c,1989,NJD,NHL,2,,66,31,28,7,,6,2,4,0
cunnijo01c,1990,NJD,NHL,1,,67,28,28,11,,,,,
curryal01c,1925,OTS,NHL,1,,36,24,8,4,,2,0,1,1
dandule01c,1921,MTL,NHL,2,,17,10,6,1,,,,,
dandule01c,1922,MTL,NHL,1,,24,13,9,2,,2,1,1,0
dandule01c,1923,MTL,NHL,1,,24,13,11,0,,6,6,0,0
dandule01c,1924,MTL,NHL,1,,30,17,11,2,,6,3,3,0
dandule01c,1925,MTL,NHL,1,,36,11,24,1,,,,,
dandule01c,1934,MTL,NHL,2,,32,14,15,3,,2,0,2,0
dayha01c,1940,TOR,NHL,1,,48,28,14,6,,7,3,4,0
dayha01c,1941,TOR,NHL,1,,48,27,18,3,,13,8,5,0
dayha01c,1942,TOR,NHL,1,,50,22,19,9,,6,2,4,0
dayha01c,1943,TOR,NHL,1,,50,23,23,4,,5,1,4,0
dayha01c,1944,TOR,NHL,1,,50,24,22,4,,13,8,5,0
dayha01c,1945,TOR,NHL,1,,50,19,24,7,,,,,
dayha01c,1946,TOR,NHL,1,,60,31,19,10,,11,8,3,0
dayha01c,1947,TOR,NHL,1,,60,32,15,13,,9,8,1,0
dayha01c,1948,TOR,NHL,1,,60,22,25,13,,9,8,1,0
dayha01c,1949,TOR,NHL,1,,70,31,27,12,,7,3,4,0
deabi01c,1981,DET,NHL,2,,11,3,8,0,,,,,
deboepe01c,2008,FLO,NHL,1,,82,41,30,,11,,,,
deboepe01c,2009,FLO,NHL,1,,82,32,37,,13,,,,
deboepe01c,2010,FLO,NHL,1,,82,30,40,,12,,,,
deboepe01c,2011,NJD,NHL,1,,82,48,28,,6,24,14,10,0
delveal01c,1973,DET,NHL,2,,67,27,31,9,,,,,
delveal01c,1974,DET,NHL,1,,80,23,45,12,,,,,
delveal01c,1975,DET,NHL,2,,54,19,29,6,,,,,
delveal01c,1976,DET,NHL,1,,44,13,26,5,,,,,
demerja01c,1975,IND,WHA,2,,75,34,35,6,,7,3,4,0
demerja01c,1976,IND,WHA,1,,81,36,37,8,,9,5,4,0
demerja01c,1977,CIN,WHA,1,,75,33,39,3,,,,,
demerja01c,1978,QUN,WHA,1,,80,41,34,5,,4,0,4,0
demerja01c,1979,QUE,NHL,1,,80,25,44,11,,,,,
demerja01c,1983,STL,NHL,1,,80,32,41,7,,11,6,5,0
demerja01c,1984,STL,NHL,1,,80,37,31,12,,3,0,3,0
demerja01c,1985,STL,NHL,1,,80,37,34,9,,19,10,9,0
demerja01c,1986,DET,NHL,1,,80,34,36,10,,16,9,7,0
demerja01c,1987,DET,NHL,1,,80,41,28,11,,16,9,7,0
demerja01c,1988,DET,NHL,1,,80,34,34,12,,6,2,4,0
demerja01c,1989,DET,NHL,1,,80,28,38,14,,,,,
demerja01c,1992,MTL,NHL,1,,84,48,30,6,,20,16,4,0
demerja01c,1993,MTL,NHL,1,,84,41,29,14,,7,3,4,0
demerja01c,1994,MTL,NHL,1,,48,18,23,7,,,,,
demerja01c,1995,MTL,NHL,1,,4,0,4,0,,,,,
demerja01c,1997,TBL,NHL,3,,65,15,42,8,,,,,
demerja01c,1998,TBL,NHL,1,,82,19,54,9,,,,,
dennecy01c,1928,BOS,NHL,1,,44,26,13,5,,5,5,0,0
dennecy01c,1932,OTS,NHL,1,,48,11,27,10,,,,,
dineebi01c,1972,HOU,WHA,1,,78,39,35,4,,10,4,6,0
dineebi01c,1973,HOU,WHA,1,,78,48,25,5,,14,12,2,0
dineebi01c,1974,HOU,WHA,1,,78,53,25,0,,13,12,1,0
dineebi01c,1975,HOU,WHA,1,,80,53,27,0,,17,8,9,0
dineebi01c,1976,HOU,WHA,1,,80,50,24,6,,11,6,5,0
dineebi01c,1977,HOU,WHA,1,,80,42,34,4,,6,2,4,0
dineebi01c,1978,NEW,WHA,1,,71,33,29,9,,,,,
dineebi01c,1991,PHI,NHL,2,,56,24,23,9,,,,,
dineebi01c,1992,PHI,NHL,1,,84,36,37,11,,,,,
dineeke01c,2011,FLO,NHL,1,,82,38,26,,18,7,3,4,0
dorvana01c,1911,MOC,NHA,1,,18,8,10,0,,,,,
dorvana01c,1912,MOC,NHA,1,,20,9,11,0,,,,,
drakecl01c,1975,EDO,WHA,1,,48,18,28,2,,,,,
dudleri01c,1989,BUF,NHL,1,,80,45,27,8,,6,2,4,0
dudleri01c,1990,BUF,NHL,1,,80,31,30,19,,6,2,4,0
dudleri01c,1991,BUF,NHL,1,,28,9,15,4,,,,,
dudleri01c,2003,FLO,NHL,2,,40,13,15,9,3,,,,
duffdi01c,1979,TOR,NHL,2,,2,0,2,0,,,,,
dugalju01c,1938,MTL,NHL,2,,18,9,6,3,,3,1,2,0
duncaar01c,1926,DTC,NHL,1,,33,10,21,2,,,,,
duncaar01c,1930,TOR,NHL,2,,42,21,13,8,,2,0,1,1
duncaar01c,1931,TOR,NHL,1,,5,0,3,2,,,,,
duttore01c,1935,NYA,NHL,1,,48,16,25,7,,5,2,3,0
duttore01c,1936,NYA,NHL,1,,48,15,29,4,,,,,
duttore01c,1937,NYA,NHL,1,,48,19,18,11,,6,3,3,0
duttore01c,1938,NYA,NHL,1,,48,17,21,10,,2,0,2,0
duttore01c,1939,NYA,NHL,1,,48,15,29,4,,3,1,2,0
duttore01c,1940,NYA,NHL,1,,48,8,29,11,,,,,
duttore01c,1941,BKN,NHL,1,,48,16,29,3,,,,,
eddolfr01c,1954,CHI,NHL,1,,70,13,40,17,,,,,
esposph01c,1986,NYR,NHL,3,,43,24,19,0,,6,2,4,0
esposph01c,1988,NYR,NHL,2,,2,0,2,0,,4,0,4,0
evansja01c,1975,CLF,NHL,1,,80,27,42,11,,,,,
evansja01c,1976,CLE,NHL,1,,80,25,42,13,,,,,
evansja01c,1977,CLE,NHL,1,,80,22,45,13,,,,,
evansja01c,1983,HAR,NHL,1,,80,28,42,10,,,,,
evansja01c,1984,HAR,NHL,1,,80,30,41,9,,,,,
evansja01c,1985,HAR,NHL,1,,80,40,36,4,,10,6,4,0
evansja01c,1986,HAR,NHL,1,,80,43,30,7,,6,2,4,0
evansja01c,1987,HAR,NHL,1,,54,22,25,7,,,,,
fashogo01c,1967,OAK,NHL,2,,10,4,5,1,,,,,
fergujo01c,1975,NYR,NHL,2,,41,14,22,5,,,,,
fergujo01c,1976,NYR,NHL,1,,80,29,37,14,,,,,
fergujo01c,1985,WIN,NHL,2,,14,7,6,1,,3,0,3,0
filioma01c,1972,QUN,WHA,2,,76,32,39,5,,,,,
filioma01c,1977,QUN,WHA,2,,21,13,7,1,,11,5,6,0
filioma01c,1980,QUE,NHL,1,,6,1,3,2,,,,,
francbo01c,1999,PHO,NHL,1,,82,39,31,8,4,5,1,4,0
francbo01c,2000,PHO,NHL,1,,82,35,27,17,3,,,,
francbo01c,2001,PHO,NHL,1,,82,40,27,9,6,5,1,4,0
francbo01c,2002,PHO,NHL,1,,82,31,35,11,5,,,,
francbo01c,2003,PHO,NHL,1,,62,20,24,15,3,,,,
francem01c,1965,NYR,NHL,2,,50,13,31,6,,,,,
francem01c,1966,NYR,NHL,1,,70,30,28,12,,4,0,4,0
francem01c,1967,NYR,NHL,1,,74,39,23,12,,6,2,4,0
francem01c,1968,NYR,NHL,2,,33,19,8,6,,4,0,4,0
francem01c,1969,NYR,NHL,1,,76,38,22,16,,6,2,4,0
francem01c,1970,NYR,NHL,1,,78,49,18,11,,13,7,6,0
francem01c,1971,NYR,NHL,1,,78,48,17,13,,16,10,6,0
francem01c,1972,NYR,NHL,1,,78,47,23,8,,10,5,5,0
francem01c,1973,NYR,NHL,2,,37,22,10,5,,13,7,6,0
francem01c,1974,NYR,NHL,1,,80,37,29,14,,3,1,2,0
francem01c,1976,STL,NHL,1,,80,32,39,9,,4,0,4,0
francem01c,1981,STL,NHL,2,,12,4,6,2,,10,5,5,0
francem01c,1982,STL,NHL,1,,32,10,19,3,,,,,
frasecu01c,1999,ATL,NHL,1,,82,14,57,7,4,,,,
frasecu01c,2000,ATL,NHL,1,,82,23,45,12,2,,,,
frasecu01c,2001,ATL,NHL,1,,82,19,47,11,5,,,,
frasecu01c,2002,ATL,NHL,1,,33,8,20,1,4,,,,
fredrfr01c,1929,PIP,NHL,1,,44,5,36,3,,,,,
ftorero01c,1987,LAK,NHL,3,,52,23,25,4,,5,1,4,0
ftorero01c,1988,LAK,NHL,1,,80,42,31,7,,11,4,7,0
ftorero01c,1998,NJD,NHL,1,,82,47,24,11,,7,3,4,0
ftorero01c,1999,NJD,NHL,1,,74,41,20,8,5,,,,
ftorero01c,2001,BOS,NHL,1,,82,43,24,6,9,6,2,4,0
ftorero01c,2002,BOS,NHL,1,,73,33,28,8,4,,,,
gadsbbi01c,1968,DET,NHL,1,,76,33,31,12,,,,,
gadsbbi01c,1969,DET,NHL,1,,2,2,0,0,,,,,
gainebo01c,1990,MNS,NHL,1,,80,27,39,14,,23,14,9,0
gainebo01c,1991,MNS,NHL,1,,80,32,42,6,,7,3,4,0
gainebo01c,1992,MNS,NHL,1,,84,36,38,10,,,,,
gainebo01c,1993,DAL,NHL,1,,84,42,29,13,,9,5,4,0
gainebo01c,1994,DAL,NHL,1,,48,17,23,8,,5,1,4,0
gainebo01c,1995,DAL,NHL,1,,39,11,19,9,,,,,
gainebo01c,2005,MTL,NHL,2,,41,23,15,,3,6,2,4,0
gainebo01c,2008,MTL,NHL,2,,16,6,6,,4,4,0,4,0
gallage01c,2003,CBS,NHL,2,,45,16,24,4,1,,,,
gallage01c,2005,CBS,NHL,1,,82,35,43,,4,,,,
gallage01c,2006,CBS,NHL,1,,15,5,9,,1,,,,
gardihe01c,1922,CAT,WCHL,1,,30,12,18,0,,,,,
gardihe01c,1923,CAT,WCHL,1,,30,18,11,1,,7,3,3,1
gardihe01c,1924,CAT,WCHL,1,,28,17,11,0,,2,0,1,1
gardihe01c,1925,CAT,WCHL,1,,30,10,17,3,,,,,
gardihe01c,1928,CHI,NHL,1,,32,5,23,4,,,,,
gardnji01c,1910,MOW,NHA,1,,16,7,9,0,,,,,
gardnji01c,1911,NWR,PCHA,1,,15,9,6,0,,,,,
gardnji01c,1912,NWR,PCHA,1,,13,4,9,0,,,,,
gardnji01c,1913,MOC,NHA,1,,20,13,7,0,,,,,
gardnji01c,1914,MOC,NHA,1,,20,6,14,0,,,,,
gardnji01c,1924,HAM,NHL,1,,30,19,10,1,,,,,
garvite01c,1973,DET,NHL,1,,11,2,8,1,,,,,
gendrje01c,1974,QUN,WHA,1,,78,46,32,0,,15,8,7,0
gendrje01c,1975,QUN,WHA,1,,81,50,27,4,,5,1,4,0
geoffbe01c,1968,NYR,NHL,1,,43,22,18,3,,,,,
geoffbe01c,1972,ATF,NHL,1,,78,25,38,15,,,,,
geoffbe01c,1973,ATF,NHL,1,,78,30,34,14,,4,0,4,0
geoffbe01c,1974,ATF,NHL,1,,52,22,20,10,,,,,
geoffbe01c,1979,MTL,NHL,1,,30,15,9,6,,,,,
gerared01c,1916,OT1,NHA,1,,20,15,5,0,,,,,
gerared01c,1917,OTS,NHL,1,,22,9,13,0,,,,,
gerared01c,1924,MTM,NHL,1,,30,9,19,2,,,,,
gerared01c,1925,MTM,NHL,1,,36,20,11,5,,8,5,1,2
gerared01c,1926,MTM,NHL,1,,44,20,20,4,,2,0,1,1
gerared01c,1927,MTM,NHL,1,,44,24,14,6,,9,5,3,1
gerared01c,1928,MTM,NHL,1,,44,15,20,9,,,,,
gerared01c,1930,NYA,NHL,1,,44,18,16,10,,,,,
gerared01c,1931,NYA,NHL,1,,48,16,24,8,,,,,
gerared01c,1932,MTM,NHL,1,,48,22,20,6,,2,0,2,0
gerared01c,1933,MTM,NHL,1,,48,19,18,11,,4,1,2,1
gerared01c,1934,STE,NHL,1,,13,2,11,0,,,,,
gilbegr01c,2000,CAL,NHL,2,,14,4,8,2,0,,,,
gilbegr01c,2001,CAL,NHL,1,,82,32,35,12,3,,,,
gilbegr01c,2002,CAL,NHL,1,,25,6,13,3,3,,,,
gillda01c,1926,OTS,NHL,1,,44,30,10,4,,6,3,0,3
gillda01c,1927,OTS,NHL,1,,44,20,14,10,,2,0,2,0
gillda01c,1928,OTS,NHL,1,,44,14,17,13,,,,,
glovefr01c,1968,OAK,NHL,1,,76,29,36,11,,7,3,4,0
glovefr01c,1969,OAK,NHL,1,,76,22,40,14,,4,0,4,0
glovefr01c,1970,CLF,NHL,1,,78,20,53,5,,,,,
glovefr01c,1971,CLF,NHL,1,,3,0,1,2,,,,,
glovefr01c,1971,LAK,NHL,2,,68,18,42,8,,,,,
glovefr01c,1972,CLF,NHL,2,,66,14,39,13,,,,,
glovefr01c,1973,CLF,NHL,1,,57,11,38,8,,,,,
goldsbi01c,1977,IND,WHA,2,,29,8,20,1,,,,,
goodfeb01c,1950,CHI,NHL,1,,70,13,47,10,,,,,
goodfeb01c,1951,CHI,NHL,1,,70,17,44,9,,,,,
gordoja01c,1970,MNS,NHL,1,,78,28,34,16,,12,6,6,0
gordoja01c,1971,MNS,NHL,1,,78,37,29,12,,7,3,4,0
gordoja01c,1972,MNS,NHL,1,,78,37,30,11,,6,2,4,0
gordoja01c,1973,MNS,NHL,1,,17,3,8,6,,,,,
gordoja01c,1974,MNS,NHL,1,,38,11,22,5,,,,,
gordosc01c,2008,NYI,NHL,1,,82,26,47,,9,,,,
gordosc01c,2009,NYI,NHL,1,,82,34,37,,11,,,,
gordosc01c,2010,NYI,NHL,1,,17,4,10,,3,,,,
gorinbu01c,1985,BOS,NHL,1,,80,37,31,12,,3,0,3,0
gorinbu01c,1986,BOS,NHL,1,,13,5,7,1,,,,,
gorinbu01c,1999,NYI,NHL,1,,82,24,48,9,1,,,,
gorinbu01c,2000,NYI,NHL,1,,65,17,40,5,3,,,,
gormato01c,1925,NYA,NHL,1,,36,12,20,4,,,,,
gormato01c,1928,NYA,NHL,1,,44,19,13,12,,2,0,1,1
gormato01c,1932,CHI,NHL,3,,25,8,11,6,,,,,
gormato01c,1933,CHI,NHL,1,,48,20,17,11,,8,6,1,1
gormato01c,1934,MTM,NHL,1,,48,24,19,5,,7,5,0,2
gormato01c,1935,MTM,NHL,1,,48,22,16,10,,3,0,3,0
gormato01c,1936,MTM,NHL,1,,48,22,17,9,,5,2,3,0
gormato01c,1937,MTM,NHL,2,,30,6,19,5,,,,,
gottsjo01c,1944,CHI,NHL,2,,49,13,29,7,,,,,
gottsjo01c,1945,CHI,NHL,1,,50,23,20,7,,4,0,4,0
gottsjo01c,1946,CHI,NHL,1,,60,19,37,4,,,,,
gottsjo01c,1947,CHI,NHL,1,,28,7,19,2,,,,,
goyetph01c,1972,NYI,NHL,1,,48,6,38,4,,,,,
grahadi01c,1998,CHI,NHL,1,,59,16,35,8,,,,,
granato01c,2002,COL,NHL,2,,51,32,11,4,4,7,3,4,0
granato01c,2003,COL,NHL,1,,82,40,22,13,7,11,6,5,0
granato01c,2008,COL,NHL,1,,82,32,45,,5,,,,
greenga01c,1979,WAS,NHL,2,,64,23,30,11,,,,,
greenga01c,1980,WAS,NHL,1,,80,26,36,18,,,,,
greenga01c,1981,WAS,NHL,1,,13,1,12,0,,,,,
greenpe01c,1919,OTS,NHL,1,,24,19,5,0,,5,3,2,0
greenpe01c,1920,OTS,NHL,1,,24,14,10,0,,7,5,2,0
greenpe01c,1921,OTS,NHL,1,,24,14,8,2,,2,0,1,1
greenpe01c,1922,OTS,NHL,1,,24,14,9,1,,8,6,2,0
greenpe01c,1923,OTS,NHL,1,,24,16,8,0,,2,0,2,0
greenpe01c,1924,OTS,NHL,1,,30,17,12,1,,,,,
greensh01c,1927,NYA,NHL,1,,44,11,27,6,,,,,
greente01c,1991,EDM,NHL,1,,80,36,34,10,,16,8,8,0
greente01c,1992,EDM,NHL,1,,84,26,50,8,,,,,
greente01c,1993,EDM,NHL,1,,24,3,18,3,,,,,
gretzwa01c,2005,PHO,NHL,1,,82,38,39,,5,,,,
gretzwa01c,2006,PHO,NHL,1,,82,31,46,,5,,,,
gretzwa01c,2007,PHO,NHL,1,,82,38,37,,7,,,,
gretzwa01c,2008,PHO,NHL,1,,82,36,39,,7,,,,
gretzwa01c,2009,PHO,NHL,1,,82,50,25,,7,7,3,4,0
guidoal01c,1978,COR,NHL,2,,59,12,39,8,,,,,
guidobe01c,1972,BOS,NHL,2,,26,20,6,0,,5,1,4,0
guidobe01c,1973,BOS,NHL,1,,78,52,17,9,,16,10,6,0
guidobe01c,1974,KCS,NHL,1,,80,15,54,11,,,,,
guidobe01c,1975,KCS,NHL,1,,45,11,30,4,,,,,
guidobe01c,1976,EDO,WHA,1,,63,25,36,2,,,,,
gulutgl01c,2011,DAL,NHL,1,,82,42,35,,5,,,,
hanlogl01c,2003,WAS,NHL,2,,54,15,28,9,2,,,,
hanlogl01c,2005,WAS,NHL,1,,82,29,41,,12,,,,
hanlogl01c,2006,WAS,NHL,1,,82,28,40,,14,,,,
hanlogl01c,2007,WAS,NHL,1,,21,6,14,,1,,,,
hannajo01c,1974,CLC,WHA,1,,33,14,18,1,,,,,
hareto01c,1909,COB,NHA,1,,12,4,8,0,,,,,
harknne01c,1970,DET,NHL,1,,38,12,22,4,,,,,
harribi01c,1972,OTN,WHA,1,,78,35,39,4,,5,1,4,0
harribi01c,1973,TOT,WHA,1,,78,41,33,4,,12,7,5,0
harribi01c,1974,TOT,WHA,1,,41,23,17,1,,,,,
harrite01c,1975,MNS,NHL,1,,80,20,53,7,,,,,
harrite01c,1976,MNS,NHL,1,,80,23,39,18,,2,0,2,0
harrite01c,1977,MNS,NHL,1,,19,5,12,2,,,,,
hartce01c,1926,MTL,NHL,1,,44,28,14,2,,4,1,1,2
hartce01c,1927,MTL,NHL,1,,44,26,11,7,,2,0,1,1
hartce01c,1928,MTL,NHL,1,,44,22,7,15,,3,0,3,0
hartce01c,1929,MTL,NHL,1,,44,21,14,9,,6,5,0,1
hartce01c,1930,MTL,NHL,1,,44,26,10,8,,10,6,4,0
hartce01c,1931,MTL,NHL,1,,48,25,16,7,,4,1,3,0
hartce01c,1936,MTL,NHL,1,,48,24,18,6,,5,2,3,0
hartce01c,1937,MTL,NHL,1,,48,18,17,13,,3,1,2,0
hartce01c,1938,MTL,NHL,1,,30,6,18,6,,,,,
hartlbo01c,1998,COL,NHL,1,,82,44,28,10,,19,11,8,0
hartlbo01c,1999,COL,NHL,1,,82,42,28,11,1,17,11,6,0
hartlbo01c,2000,COL,NHL,1,,82,52,16,10,4,23,16,7,0
hartlbo01c,2001,COL,NHL,1,,82,45,28,8,1,21,11,10,0
hartlbo01c,2002,COL,NHL,1,,31,10,8,9,4,,,,
hartlbo01c,2002,ATL,NHL,3,,39,19,14,5,1,,,,
hartlbo01c,2003,ATL,NHL,1,,82,33,37,8,4,,,,
hartlbo01c,2005,ATL,NHL,1,,82,41,33,,8,,,,
hartlbo01c,2006,ATL,NHL,1,,82,43,28,,11,4,0,4,0
hartlbo01c,2007,ATL,NHL,1,,6,0,6,,0,,,,
hartscr01c,1995,CHI,NHL,1,,82,40,28,14,,10,6,4,0
hartscr01c,1996,CHI,NHL,1,,82,34,35,13,,6,2,4,0
hartscr01c,1997,CHI,NHL,1,,82,30,39,13,,,,,
hartscr01c,1998,ANA,NHL,1,,82,35,34,13,,4,0,4,0
hartscr01c,1999,ANA,NHL,1,,82,34,33,12,3,,,,
hartscr01c,2000,ANA,NHL,1,,33,11,15,4,3,,,,
hartscr01c,2008,OTT,NHL,1,,48,17,24,,7,,,,
harvedo01c,1961,NYR,NHL,1,,70,26,32,12,,6,2,4,0
haydo01c,1996,PHO,NHL,1,,82,38,37,7,,7,3,4,0
haydo01c,2000,CAL,NHL,1,,68,23,28,13,4,,,,
heffefr01c,1919,TRS,NHL,1,,12,5,7,0,,,,,
hennilo01c,1985,MNS,NHL,1,,80,38,33,9,,5,2,3,0
hennilo01c,1986,MNS,NHL,1,,78,30,39,9,,,,,
hennilo01c,1994,NYI,NHL,1,,48,15,28,5,,,,,
hennilo01c,2000,NYI,NHL,2,,17,4,11,2,0,,,,
henryca01c,1972,NRA,WHA,1,,77,32,43,2,,,,,
henryca01c,1973,NYJ,WHA,1,,20,6,12,2,,,,,
hillmla01c,1977,WIJ,WHA,1,,80,50,28,2,,9,8,1,0
hillmla01c,1978,WIJ,WHA,1,,61,28,27,6,,,,,
hitchke01c,1995,DAL,NHL,2,,43,15,23,5,,,,,
hitchke01c,1996,DAL,NHL,1,,82,48,26,8,,7,3,4,0
hitchke01c,1997,DAL,NHL,1,,82,49,22,11,,17,10,7,0
hitchke01c,1998,DAL,NHL,1,,82,51,19,12,,23,16,7,0
hitchke01c,1999,DAL,NHL,1,,82,43,23,10,6,23,14,9,0
hitchke01c,2000,DAL,NHL,1,,82,48,24,8,2,10,4,6,0
hitchke01c,2001,DAL,NHL,1,,50,23,17,6,4,,,,
hitchke01c,2002,PHI,NHL,1,,82,45,20,13,4,13,6,7,0
hitchke01c,2003,PHI,NHL,1,,82,40,21,15,6,18,11,7,0
hitchke01c,2005,PHI,NHL,1,,82,45,26,,11,6,2,4,0
hitchke01c,2006,PHI,NHL,1,,8,1,6,,1,,,,
hitchke01c,2006,CBS,NHL,3,,62,28,29,,5,,,,
hitchke01c,2007,CBS,NHL,1,,82,34,36,,12,,,,
hitchke01c,2008,CBS,NHL,1,,82,41,31,,10,4,0,4,0
hitchke01c,2009,CBS,NHL,1,,58,22,27,,9,,,,
hitchke01c,2011,STL,NHL,2,,69,43,15,,11,9,4,5,0
hlinkiv01c,2000,PIT,NHL,1,,82,42,28,9,3,18,9,9,0
hlinkiv01c,2001,PIT,NHL,1,,4,0,4,0,0,,,,
holmgpa01c,1988,PHI,NHL,1,,80,36,36,8,,19,10,9,0
holmgpa01c,1989,PHI,NHL,1,,80,30,39,11,,,,,
holmgpa01c,1990,PHI,NHL,1,,80,33,37,10,,,,,
holmgpa01c,1991,PHI,NHL,1,,24,8,14,2,,,,,
holmgpa01c,1992,HAR,NHL,1,,84,26,52,6,,,,,
holmgpa01c,1993,HAR,NHL,1,,17,4,11,2,,,,,
holmgpa01c,1994,HAR,NHL,1,,48,19,24,5,,,,,
holmgpa01c,1995,HAR,NHL,1,,12,5,6,1,,,,,
howelha01c,1973,NYJ,WHA,2,,58,26,30,2,,,,,
howelha01c,1974,SDM,WHA,1,,78,43,31,4,,10,4,6,0
howelha01c,1978,MNS,NHL,1,,11,3,6,2,,,,,
huculsa01c,1974,PHR,WHA,1,,78,39,31,8,,5,1,4,0
huculsa01c,1975,PHR,WHA,1,,80,39,35,6,,5,2,3,0
hullbo01c,1972,WIJ,WHA,1,,78,43,31,4,,14,9,5,0
hullbo01c,1973,WIJ,WHA,1,,78,34,39,5,,4,0,4,0
hullbo01c,1974,WIJ,WHA,2,,13,4,9,0,,,,,
huntebi01c,1974,EDO,WHA,2,,19,6,12,1,,,,,
huntebi01c,1975,EDO,WHA,2,,33,9,21,3,,4,0,4,0
hunteda02c,2011,WAS,NHL,2,,60,30,23,,7,14,7,7,0
imlacpu01c,1958,TOR,NHL,2,,50,22,20,8,,12,5,7,0
imlacpu01c,1959,TOR,NHL,1,,70,35,26,9,,10,4,6,0
imlacpu01c,1960,TOR,NHL,1,,70,39,19,12,,5,1,4,0
imlacpu01c,1961,TOR,NHL,1,,70,37,22,11,,12,8,4,0
imlacpu01c,1962,TOR,NHL,1,,70,35,23,12,,10,8,2,0
imlacpu01c,1963,TOR,NHL,1,,70,33,25,12,,14,8,6,0
imlacpu01c,1964,TOR,NHL,1,,70,30,26,14,,6,2,4,0
imlacpu01c,1965,TOR,NHL,1,,70,34,25,11,,4,0,4,0
imlacpu01c,1966,TOR,NHL,1,,70,32,27,11,,12,8,4,0
imlacpu01c,1967,TOR,NHL,1,,74,33,31,10,,,,,
imlacpu01c,1968,TOR,NHL,1,,76,35,26,15,,4,0,4,0
imlacpu01c,1970,BUF,NHL,1,,78,24,39,15,,,,,
imlacpu01c,1971,BUF,NHL,1,,41,8,23,10,,,,,
imlacpu01c,1979,TOR,NHL,3,,10,5,5,0,,3,0,3,0
ingarea01c,1972,NYI,NHL,2,,30,6,22,2,,,,,
inglibi01c,1978,BUF,NHL,2,,56,28,18,10,,3,1,2,0
ingraro01c,1975,SDM,WHA,1,,80,36,38,6,,11,5,6,0
ingraro01c,1976,SDM,WHA,1,,81,40,37,4,,7,3,4,0
ingraro01c,1977,IND,WHA,1,,51,16,31,4,,,,,
irvindi01c,1928,CHI,NHL,2,,12,2,6,4,,,,,
irvindi01c,1930,CHI,NHL,1,,44,24,17,3,,9,5,3,1
irvindi01c,1931,TOR,NHL,2,,43,23,15,5,,7,5,1,1
irvindi01c,1932,TOR,NHL,1,,48,24,18,6,,9,4,5,0
irvindi01c,1933,TOR,NHL,1,,48,26,13,9,,5,2,3,0
irvindi01c,1934,TOR,NHL,1,,48,30,14,4,,7,3,4,0
irvindi01c,1935,TOR,NHL,1,,48,23,19,6,,9,4,5,0
irvindi01c,1936,TOR,NHL,1,,48,22,21,5,,2,0,2,0
irvindi01c,1937,TOR,NHL,1,,48,24,15,9,,7,4,3,0
irvindi01c,1938,TOR,NHL,1,,48,19,20,9,,10,5,5,0
irvindi01c,1939,TOR,NHL,1,,48,25,17,6,,10,6,4,0
irvindi01c,1940,MTL,NHL,1,,48,16,26,6,,3,1,2,0
irvindi01c,1941,MTL,NHL,1,,48,18,27,3,,3,1,2,0
irvindi01c,1942,MTL,NHL,1,,50,19,19,12,,5,1,4,0
irvindi01c,1943,MTL,NHL,1,,50,38,5,7,,9,8,1,0
irvindi01c,1944,MTL,NHL,1,,50,38,8,4,,6,2,4,0
irvindi01c,1945,MTL,NHL,1,,50,28,17,5,,9,8,1,0
irvindi01c,1946,MTL,NHL,1,,60,34,16,10,,11,6,5,0
irvindi01c,1947,MTL,NHL,1,,60,20,29,11,,,,,
irvindi01c,1948,MTL,NHL,1,,60,28,23,9,,7,3,4,0
irvindi01c,1949,MTL,NHL,1,,70,29,22,19,,5,1,4,0
irvindi01c,1950,MTL,NHL,1,,70,25,30,15,,11,5,6,0
irvindi01c,1951,MTL,NHL,1,,70,34,26,10,,11,4,7,0
irvindi01c,1952,MTL,NHL,1,,70,28,23,19,,12,8,4,0
irvindi01c,1953,MTL,NHL,1,,70,35,24,11,,11,7,4,0
irvindi01c,1954,MTL,NHL,1,,70,41,18,11,,12,7,5,0
irvindi01c,1955,CHI,NHL,1,,70,19,39,12,,,,,
ivanto01c,1947,DET,NHL,1,,60,30,18,12,,10,4,6,0
ivanto01c,1948,DET,NHL,1,,60,34,19,7,,11,4,7,0
ivanto01c,1949,DET,NHL,1,,70,37,19,14,,14,8,6,0
ivanto01c,1950,DET,NHL,1,,70,44,13,13,,6,2,4,0
ivanto01c,1951,DET,NHL,1,,70,44,14,12,,8,8,0,0
ivanto01c,1952,DET,NHL,1,,70,36,16,18,,6,2,4,0
ivanto01c,1953,DET,NHL,1,,70,37,19,14,,12,8,4,0
ivanto01c,1956,CHI,NHL,1,,70,16,39,15,,,,,
ivanto01c,1957,CHI,NHL,1,,33,10,17,6,,,,,
iversem01c,1932,CHI,NHL,2,,21,8,7,6,,,,,
johnsbo02c,1982,CAL,NHL,1,,80,32,34,14,,9,4,5,0
johnsbo02c,1983,CAL,NHL,1,,80,34,32,14,,11,6,5,0
johnsbo02c,1984,CAL,NHL,1,,80,41,27,12,,4,1,3,0
johnsbo02c,1985,CAL,NHL,1,,80,40,31,9,,22,12,10,0
johnsbo02c,1986,CAL,NHL,1,,80,46,31,3,,6,2,4,0
johnsbo02c,1990,PIT,NHL,1,,80,41,33,6,,24,16,8,0
johnsed01c,1979,CHI,NHL,1,,80,34,27,19,,7,3,4,0
johnsed01c,1980,PIT,NHL,1,,80,30,37,13,,5,2,3,0
johnsed01c,1981,PIT,NHL,1,,80,31,36,13,,5,2,3,0
johnsed01c,1982,PIT,NHL,1,,80,18,53,9,,,,,
johnsed01c,1993,PIT,NHL,1,,84,44,27,13,,6,2,4,0
johnsed01c,1994,PIT,NHL,1,,48,29,16,3,,12,5,7,0
johnsed01c,1995,PIT,NHL,1,,82,49,29,4,,18,11,7,0
johnsed01c,1996,PIT,NHL,1,,62,31,26,5,,,,,
johnsma01c,1973,CLF,NHL,2,,21,2,17,2,,,,,
johnsma01c,1974,CLF,NHL,1,,48,11,28,9,,,,,
johnsma01c,1981,COR,NHL,2,,56,15,32,9,,,,,
johnsto01c,1970,BOS,NHL,1,,78,57,14,7,,7,3,4,0
johnsto01c,1971,BOS,NHL,1,,78,54,13,11,,15,12,3,0
johnsto01c,1972,BOS,NHL,1,,52,31,16,5,,,,,
juliecl01c,2002,MTL,NHL,2,,36,12,16,3,5,,,,
juliecl01c,2003,MTL,NHL,1,,82,41,30,7,4,11,4,7,0
juliecl01c,2005,MTL,NHL,1,,41,19,16,,6,,,,
juliecl01c,2006,NJD,NHL,1,,79,47,24,,8,,,,
juliecl01c,2007,BOS,NHL,1,,82,41,29,,12,7,3,4,0
juliecl01c,2008,BOS,NHL,1,,82,53,19,,10,11,7,4,0
juliecl01c,2009,BOS,NHL,1,,82,39,30,,13,13,7,6,0
juliecl01c,2010,BOS,NHL,1,,82,46,25,,11,25,16,9,0
juliecl01c,2011,BOS,NHL,1,,82,49,29,,4,7,3,4,0
kaspest01c,1995,BOS,NHL,1,,82,40,31,11,,5,1,4,0
kaspest01c,1996,BOS,NHL,1,,82,26,47,9,,,,,
keatsdu01c,1926,DTC,NHL,2,,11,2,7,2,,,,,
keenami01c,1984,PHI,NHL,1,,80,53,20,7,,19,12,7,0
keenami01c,1985,PHI,NHL,1,,80,53,23,4,,5,2,3,0
keenami01c,1986,PHI,NHL,1,,80,46,26,8,,26,15,11,0
keenami01c,1987,PHI,NHL,1,,80,38,33,9,,7,3,4,0
keenami01c,1988,CHI,NHL,1,,80,27,41,12,,16,9,7,0
keenami01c,1989,CHI,NHL,1,,80,41,33,6,,20,10,10,0
keenami01c,1990,CHI,NHL,1,,80,49,23,8,,6,2,4,0
keenami01c,1991,CHI,NHL,1,,80,36,29,15,,18,12,6,0
keenami01c,1993,NYR,NHL,1,,84,52,24,8,,23,16,7,0
keenami01c,1994,STL,NHL,1,,48,28,15,5,,7,3,4,0
keenami01c,1995,STL,NHL,1,,82,32,34,16,,13,7,6,0
keenami01c,1996,STL,NHL,1,,33,15,17,1,,,,,
keenami01c,1997,VAN,NHL,2,,63,21,30,12,,,,,
keenami01c,1998,VAN,NHL,1,,45,15,24,6,,,,,
keenami01c,2000,BOS,NHL,2,,74,33,26,7,8,,,,
keenami01c,2001,FLO,NHL,2,,56,16,29,8,3,,,,
keenami01c,2002,FLO,NHL,1,,82,24,36,13,9,,,,
keenami01c,2003,FLO,NHL,1,,15,5,8,2,0,,,,
keenami01c,2007,CAL,NHL,1,,82,42,30,,10,7,3,4,0
keenami01c,2008,CAL,NHL,1,,82,46,30,,6,6,2,4,0
kehoeri01c,2001,PIT,NHL,2,,78,28,37,8,5,,,,
kehoeri01c,2002,PIT,NHL,1,,82,27,44,6,5,,,,
kelleja01c,1972,NEW,WHA,1,,78,46,30,2,,15,12,3,0
kelleja01c,1974,NEW,WHA,2,,5,3,2,0,,6,2,4,0
kelleja01c,1975,NEW,WHA,1,,33,14,16,3,,,,,
kellypa01c,1976,BIR,WHA,2,,57,24,30,3,,,,,
kellypa01c,1977,COR,NHL,1,,80,19,40,21,,2,0,2,0
kellypa01c,1978,COR,NHL,1,,21,3,14,4,,,,,
kellyre01c,1967,LAK,NHL,1,,74,31,33,10,,7,3,4,0
kellyre01c,1968,LAK,NHL,1,,76,24,42,10,,11,4,7,0
kellyre01c,1969,PIT,NHL,1,,76,26,38,12,,10,6,4,0
kellyre01c,1970,PIT,NHL,1,,78,21,37,20,,,,,
kellyre01c,1971,PIT,NHL,1,,78,26,38,14,,4,0,4,0
kellyre01c,1972,PIT,NHL,1,,42,17,19,6,,,,,
kellyre01c,1973,TOR,NHL,1,,78,35,27,16,,4,0,4,0
kellyre01c,1974,TOR,NHL,1,,80,31,33,16,,7,2,5,0
kellyre01c,1975,TOR,NHL,1,,80,34,31,15,,10,5,5,0
kellyre01c,1976,TOR,NHL,1,,80,33,32,15,,9,4,5,0
kennege01c,1910,MOC,NHA,1,,16,8,8,0,,,,,
kennege01c,1915,MOC,NHA,1,,24,16,7,1,,,,,
kennege01c,1916,MOC,NHA,1,,20,10,10,0,,,,,
kinasra01c,1972,ALB,WHA,1,,78,38,37,3,,,,,
kingda01c,1992,CAL,NHL,1,,84,43,30,11,,6,2,4,0
kingda01c,1993,CAL,NHL,1,,84,42,29,13,,7,3,4,0
kingda01c,1994,CAL,NHL,1,,48,24,17,7,,7,3,4,0
kingda01c,2000,CBS,NHL,1,,82,28,39,9,6,,,,
kingda01c,2001,CBS,NHL,1,,82,22,47,8,5,,,,
kingda01c,2002,CBS,NHL,1,,40,14,20,4,2,,,,
kingsge01c,1991,SJS,NHL,1,,80,17,58,5,,,,,
kingsge01c,1992,SJS,NHL,1,,84,11,71,2,,,,,
kishla01c,1982,HAR,NHL,1,,49,12,32,5,,,,,
kitchmi01c,2003,STL,NHL,2,,21,10,7,4,0,5,1,4,0
kitchmi01c,2005,STL,NHL,1,,82,21,46,,15,,,,
kitchmi01c,2006,STL,NHL,1,,28,7,17,,4,,,,
krommbo01c,1975,WIJ,WHA,1,,81,52,27,2,,13,12,1,0
krommbo01c,1976,WIJ,WHA,1,,80,46,32,2,,20,11,9,0
krommbo01c,1977,DET,NHL,1,,80,32,34,14,,7,3,4,0
krommbo01c,1978,DET,NHL,1,,80,23,41,16,,,,,
krommbo01c,1979,DET,NHL,1,,71,24,36,11,,,,,
kurteor01c,1976,VAN,NHL,2,,45,16,19,10,,,,,
kurteor01c,1977,VAN,NHL,1,,80,20,43,17,,,,,
laforbi01c,1984,VAN,NHL,1,,20,4,14,2,,,,,
lalonne01c,1917,MTL,NHL,1,,22,13,9,0,,2,1,1,0
lalonne01c,1918,MTL,NHL,1,,18,10,8,0,,10,6,3,1
lalonne01c,1919,MTL,NHL,1,,24,13,11,0,,,,,
lalonne01c,1920,MTL,NHL,1,,24,13,11,0,,,,,
lalonne01c,1921,MTL,NHL,1,,7,2,5,0,,,,,
lalonne01c,1922,SAC,WCHL,1,,30,8,20,2,,,,,
lalonne01c,1923,SAC,WCHL,1,,30,15,12,3,,,,,
lalonne01c,1924,SAS,WCHL,1,,28,16,11,1,,2,0,1,1
lalonne01c,1925,SAS,WCHL,1,,30,18,11,1,,2,0,1,1
lalonne01c,1926,NYA,NHL,1,,44,17,25,2,,,,,
lalonne01c,1929,OTS,NHL,1,,44,21,15,8,,2,0,1,1
lalonne01c,1930,OTS,NHL,1,,44,10,30,4,,,,,
lalonne01c,1932,MTL,NHL,1,,48,18,25,5,,2,0,1,1
lalonne01c,1933,MTL,NHL,1,,48,22,20,6,,2,0,1,1
lalonne01c,1934,MTL,NHL,1,,16,5,8,3,,,,,
lamorlo01c,2005,NJD,NHL,2,,50,32,14,,4,9,5,4,0
lamorlo01c,2006,NJD,NHL,2,,3,2,0,,1,11,5,6,0
laperja01c,1995,MTL,NHL,2,,1,0,1,0,,,,,
lapoiro01c,1987,QUE,NHL,2,,56,22,30,4,,,,,
lapoiro01c,1988,QUE,NHL,1,,33,11,20,2,,,,,
lavioja01c,1909,LES,NHA,1,,12,2,10,0,,,,,
laviope01c,2001,NYI,NHL,1,,82,42,28,8,4,7,3,4,0
laviope01c,2002,NYI,NHL,1,,82,35,34,11,2,5,1,4,0
laviope01c,2003,CAR,NHL,2,,52,20,22,6,4,,,,
laviope01c,2005,CAR,NHL,1,,82,52,22,,8,25,16,9,0
laviope01c,2006,CAR,NHL,1,,82,40,34,,8,,,,
laviope01c,2007,CAR,NHL,1,,82,43,33,,6,,,,
laviope01c,2008,CAR,NHL,1,,25,12,11,,2,,,,
laviope01c,2009,PHI,NHL,2,,57,28,24,,5,23,14,9,0
laviope01c,2010,PHI,NHL,1,,82,47,23,,12,11,4,7,0
laviope01c,2011,PHI,NHL,1,,82,47,26,,9,11,5,6,0
laycoha01c,1969,LAK,NHL,1,,24,5,18,1,,,,,
laycoha01c,1970,VAN,NHL,1,,78,24,46,8,,,,,
laycoha01c,1971,VAN,NHL,1,,78,20,50,8,,,,,
leducbo01c,1974,TOT,WHA,2,,37,20,16,1,,6,2,4,0
legergi01c,1975,TOT,WHA,2,,26,9,17,0,,,,,
legergi01c,1976,BIR,WHA,1,,24,7,16,1,,,,,
lehmahu01c,1927,CHI,NHL,2,,21,3,17,1,,,,,
lemaija01c,1983,MTL,NHL,2,,17,7,10,0,,15,9,6,0
lemaija01c,1984,MTL,NHL,1,,80,41,27,12,,12,6,6,0
lemaija01c,1993,NJD,NHL,1,,84,47,25,12,,20,11,9,0
lemaija01c,1994,NJD,NHL,1,,48,22,18,8,,20,16,4,0
lemaija01c,1995,NJD,NHL,1,,82,37,33,12,,,,,
lemaija01c,1996,NJD,NHL,1,,82,45,23,14,,10,5,5,0
lemaija01c,1997,NJD,NHL,1,,82,48,23,11,,6,2,4,0
lemaija01c,2000,MIN,NHL,1,,82,25,39,13,5,,,,
lemaija01c,2001,MIN,NHL,1,,82,26,35,12,9,,,,
lemaija01c,2002,MIN,NHL,1,,82,42,29,10,1,18,8,10,0
lemaija01c,2003,MIN,NHL,1,,82,30,29,20,3,,,,
lemaija01c,2005,MIN,NHL,1,,82,38,36,,8,,,,
lemaija01c,2006,MIN,NHL,1,,82,48,26,,8,5,1,4,0
lemaija01c,2007,MIN,NHL,1,,82,44,28,,10,6,2,4,0
lemaija01c,2008,MIN,NHL,1,,82,40,33,,9,,,,
lemaija01c,2009,NJD,NHL,1,,82,48,27,,7,5,1,4,0
lemaija01c,2010,NJD,NHL,2,,49,29,17,,3,,,,
lepinpi01c,1939,MTL,NHL,1,,48,10,33,5,,,,,
lesuepe01c,1923,HAM,NHL,1,,10,3,7,0,,,,,
lewisda01c,1998,DET,NHL,1,co-coach w,5,4,1,0,,,,,
lewisda01c,2002,DET,NHL,1,,82,48,20,10,4,4,0,4,0
lewisda01c,2003,DET,NHL,1,,82,48,21,11,2,12,6,6,0
lewisda01c,2006,BOS,NHL,1,,82,35,41,,6,,,,
leyri01c,1989,HAR,NHL,1,,80,38,33,9,,7,3,4,0
leyri01c,1990,HAR,NHL,1,,80,31,38,11,,6,2,4,0
leyri01c,1994,VAN,NHL,1,,48,18,18,12,,11,4,7,0
leyri01c,1995,VAN,NHL,1,,76,29,32,15,,,,,
lindste01c,1979,DET,NHL,2,,9,2,7,0,,,,,
lindste01c,1980,DET,NHL,1,,20,3,14,3,,,,,
livined01c,1915,TBS,NHA,1,,24,9,14,1,,,,,
livined01c,1916,TBS,NHA,1,,14,7,7,0,,,,,
longba01c,1983,WIN,NHL,3,,59,25,25,9,,3,0,3,0
longba01c,1984,WIN,NHL,1,,80,43,27,10,,8,3,5,0
longba01c,1985,WIN,NHL,1,,66,19,41,6,,,,,
loughcl01c,1934,CHI,NHL,1,,48,26,17,5,,2,0,1,1
loughcl01c,1935,CHI,NHL,1,,48,21,19,8,,2,1,1,0
loughcl01c,1936,CHI,NHL,1,,48,14,27,7,,,,,
loweke01c,1999,EDM,NHL,1,,82,32,26,16,8,5,1,4,0
lowro01c,1994,EDM,NHL,2,,13,5,7,1,,,,,
lowro01c,1995,EDM,NHL,1,,82,30,44,8,,,,,
lowro01c,1996,EDM,NHL,1,,82,36,37,9,,12,5,7,0
lowro01c,1997,EDM,NHL,1,,82,35,37,10,,12,5,7,0
lowro01c,1998,EDM,NHL,1,,82,33,37,12,,4,0,4,0
lowro01c,2000,NYR,NHL,1,,82,33,43,5,1,,,,
lowro01c,2001,NYR,NHL,1,,82,36,38,4,4,,,,
ludzist01c,1999,TBL,NHL,1,,82,19,47,9,7,,,,
ludzist01c,2000,TBL,NHL,1,,39,12,20,5,2,,,,
macdopa01c,1973,MNS,NHL,2,,61,20,30,11,,,,,
macdopa01c,1981,LAK,NHL,1,,42,13,24,5,,,,,
macledo02c,1995,FLO,NHL,1,,82,41,31,10,,22,12,10,0
macledo02c,1996,FLO,NHL,1,,82,35,28,19,,5,1,4,0
macledo02c,1997,FLO,NHL,1,,23,7,12,4,,,,,
macledo02c,2002,CBS,NHL,2,,42,15,22,4,1,,,,
macledo02c,2003,CBS,NHL,1,,37,9,21,4,3,,,,
maclejo01c,2010,NJD,NHL,1,,33,9,22,,2,,,,
maclepa01c,2011,OTT,NHL,1,,82,41,31,,10,7,3,4,0
macmibi01c,1980,COR,NHL,1,,80,22,45,13,,,,,
macmibi01c,1982,NJD,NHL,1,,80,17,49,14,,,,,
macmibi01c,1983,NJD,NHL,1,,20,2,18,0,,,,,
macneal01c,1970,MTL,NHL,2,,55,31,15,9,,20,12,8,0
macneal01c,1979,ATF,NHL,1,,80,35,32,13,,4,1,3,0
macneal01c,1980,CAL,NHL,1,,80,39,27,14,,16,9,7,0
macneal01c,1981,CAL,NHL,1,,80,29,34,17,,3,0,3,0
macneal01c,2002,CAL,NHL,2,,11,4,5,2,0,,,,
mactacr01c,2000,EDM,NHL,1,,82,39,28,12,3,6,2,4,0
mactacr01c,2001,EDM,NHL,1,,82,38,28,12,4,,,,
mactacr01c,2002,EDM,NHL,1,,82,36,26,11,9,6,2,4,0
mactacr01c,2003,EDM,NHL,1,,82,36,29,12,5,,,,
mactacr01c,2005,EDM,NHL,1,,82,41,28,,13,24,15,9,0
mactacr01c,2006,EDM,NHL,1,,82,32,43,,7,,,,
mactacr01c,2007,EDM,NHL,1,,82,41,35,,6,,,,
mactacr01c,2008,EDM,NHL,1,,82,38,35,,9,,,,
magnuke01c,1980,CHI,NHL,1,,80,31,33,16,,3,0,3,0
magnuke01c,1981,CHI,NHL,1,,52,18,24,10,,,,,
mahonbi01c,1983,MNS,NHL,1,,80,39,31,10,,16,7,9,0
mahonbi01c,1984,MNS,NHL,1,,13,3,8,2,,,,,
malonda01c,1984,TOR,NHL,1,,80,20,52,8,,,,,
malonda01c,1985,TOR,NHL,1,,80,25,48,7,,10,6,4,0
malonda01c,1986,WIN,NHL,1,,80,40,32,8,,10,4,6,0
malonda01c,1987,WIN,NHL,1,,80,33,36,11,,5,1,4,0
malonda01c,1988,WIN,NHL,1,,52,18,25,9,,,,,
malonph01c,1973,VAN,NHL,2,,37,15,18,4,,,,,
malonph01c,1974,VAN,NHL,1,,80,38,32,10,,5,1,4,0
malonph01c,1975,VAN,NHL,1,,80,33,32,15,,2,0,2,0
malonph01c,1976,VAN,NHL,1,,35,9,23,3,,,,,
manthsy01c,1935,MTL,NHL,1,,48,11,26,11,,,,,
marshbe01c,1981,COR,NHL,1,,24,3,17,4,,,,,
marshja02c,1913,TBS,NHA,1,,20,13,7,0,,,,,
marshja02c,1914,TBS,NHA,1,,20,8,12,0,,,,,
martija02c,1986,STL,NHL,1,,80,32,33,15,,6,2,4,0
martija02c,1987,STL,NHL,1,,80,34,38,8,,10,5,5,0
martija02c,1995,OTT,NHL,3,,38,10,24,4,,,,,
martija02c,1996,OTT,NHL,1,,82,31,36,15,,7,3,4,0
martija02c,1997,OTT,NHL,1,,82,34,33,15,,11,5,6,0
martija02c,1998,OTT,NHL,1,,82,44,23,15,,4,0,4,0
martija02c,1999,OTT,NHL,1,,82,41,28,11,2,6,2,4,0
martija02c,2000,OTT,NHL,1,,82,48,21,9,4,4,0,4,0
martija02c,2001,OTT,NHL,1,,80,38,26,9,7,,,,
martija02c,2001,OTT,NHL,3,,,,,,,12,7,5,0
martija02c,2002,OTT,NHL,1,,82,52,21,8,1,18,11,7,0
martija02c,2003,OTT,NHL,1,,82,43,23,10,6,7,3,4,0
martija02c,2005,FLO,NHL,1,,82,37,34,,11,,,,
martija02c,2006,FLO,NHL,1,,82,35,31,,16,,,,
martija02c,2007,FLO,NHL,1,,82,38,35,,9,,,,
martija02c,2009,MTL,NHL,1,,82,39,33,,10,19,9,10,0
martija02c,2010,MTL,NHL,1,,82,44,30,,8,7,3,4,0
martija02c,2011,MTL,NHL,1,,32,13,12,,7,,,,
mathego01c,1932,CHI,NHL,1,,2,0,2,0,,,,,
mauripa01c,1995,HAR,NHL,2,,70,29,33,8,,,,,
mauripa01c,1996,HAR,NHL,1,,82,32,39,11,,,,,
mauripa01c,1997,CAR,NHL,1,,82,33,41,8,,,,,
mauripa01c,1998,CAR,NHL,1,,82,34,30,18,,6,2,4,0
mauripa01c,1999,CAR,NHL,1,,82,37,35,10,,,,,
mauripa01c,2000,CAR,NHL,1,,82,38,32,9,3,6,2,4,0
mauripa01c,2001,CAR,NHL,1,,82,35,26,16,5,23,13,10,0
mauripa01c,2002,CAR,NHL,1,,82,22,43,11,6,,,,
mauripa01c,2003,CAR,NHL,1,,30,8,12,8,2,,,,
mauripa01c,2006,TOR,NHL,1,,82,40,31,,11,,,,
mauripa01c,2007,TOR,NHL,1,,82,36,35,,11,,,,
mauripa01c,2008,CAR,NHL,2,,57,33,19,,5,18,8,10,0
mauripa01c,2009,CAR,NHL,1,,82,35,37,,10,,,,
mauripa01c,2010,CAR,NHL,1,,82,40,31,,11,,,,
mauripa01c,2011,CAR,NHL,1,,25,8,13,,4,,,,
maxnewa01c,1980,DET,NHL,2,,60,16,29,15,,,,,
maxnewa01c,1981,DET,NHL,1,,69,18,39,12,,,,,
mayorbo01c,1977,SOV,WHA,1,,8,3,4,1,,,,,
mayorbo01c,1978,SOV,WHA,1,,6,4,1,1,,,,,
mccambo01c,1978,PHI,NHL,1,,50,22,17,11,,,,,
mccambo01c,1981,PHI,NHL,2,,8,4,2,2,,4,1,3,0
mccambo01c,1982,PHI,NHL,1,,80,49,23,8,,3,0,3,0
mccambo01c,1983,PHI,NHL,1,,80,44,26,10,,3,0,3,0
mccambo01c,1987,VAN,NHL,1,,80,25,46,9,,,,,
mccambo01c,1988,VAN,NHL,1,,80,33,39,8,,7,3,4,0
mccambo01c,1989,VAN,NHL,1,,80,25,41,14,,,,,
mccambo01c,1990,VAN,NHL,1,,54,19,30,5,,,,,
mccarja01c,1973,MFS,WHA,2,interim,2,2,0,0,,,,,
mccarja01c,1974,MFS,WHA,2,interim,1,0,1,0,,,,,
mccaste01c,1973,LAS,WHA,2,,59,20,39,0,,,,,
mccrebi01c,1971,STL,NHL,2,,24,6,14,4,,,,,
mccrebi01c,1973,VAN,NHL,1,,41,9,25,7,,,,,
mccrebi01c,1974,CLF,NHL,2,,32,8,20,4,,,,,
mcguipe01c,1993,HAR,NHL,2,,67,23,37,7,,,,,
mckenjo01c,1972,PHB,WHA,1,,7,1,6,0,,,,,
mckenjo01c,1973,VAB,WHA,1,,7,3,4,0,,,,,
mckenke01c,1921,EDE,WCHL,1,,24,15,9,0,,2,0,1,1
mckenke01c,1922,EDE,WCHL,1,,30,19,10,1,,4,1,2,1
mckenke01c,1923,EDE,WCHL,1,,30,11,15,4,,,,,
mckenke01c,1924,EDE,WCHL,1,,28,14,13,1,,,,,
mckenke01c,1925,EDE,WCHL,1,,30,19,11,0,,2,0,1,1
mcleljo01c,1969,TOR,NHL,1,,76,29,34,13,,,,,
mcleljo01c,1970,TOR,NHL,1,,78,37,33,8,,6,2,4,0
mcleljo01c,1971,TOR,NHL,1,,78,33,31,14,,5,1,4,0
mcleljo01c,1972,TOR,NHL,1,,78,27,41,10,,,,,
mclelto01c,2008,SJS,NHL,1,,82,53,18,,11,6,2,4,0
mclelto01c,2009,SJS,NHL,1,,82,51,20,,11,15,8,7,0
mclelto01c,2010,SJS,NHL,1,,82,48,25,,9,18,9,9,0
mclelto01c,2011,SJS,NHL,1,,82,43,29,,10,5,1,4,0
mcnamho01c,1916,TOB,NHA,1,,14,7,7,0,,,,,
mcvieto01c,1975,WAS,NHL,2,,44,8,31,5,,,,,
mcvieto01c,1976,WAS,NHL,1,,80,24,42,14,,,,,
mcvieto01c,1977,WAS,NHL,1,,80,17,49,14,,,,,
mcvieto01c,1978,WIJ,WHA,2,,19,11,8,0,,10,8,2,0
mcvieto01c,1979,WIN,NHL,1,,77,19,47,11,,,,,
mcvieto01c,1980,WIN,NHL,1,,28,1,20,7,,,,,
mcvieto01c,1983,NJD,NHL,2,,60,15,38,7,,,,,
mcvieto01c,1990,NJD,NHL,2,,13,4,5,4,,7,3,4,0
mcvieto01c,1991,NJD,NHL,1,,80,38,31,11,,7,3,4,0
meekeho01c,1956,TOR,NHL,1,,70,21,34,15,,,,,
melroba01c,1992,LAK,NHL,1,,84,39,35,10,,24,13,11,0
melroba01c,1993,LAK,NHL,1,,84,27,45,12,,,,,
melroba01c,1994,LAK,NHL,1,,41,13,21,7,,,,,
melroba01c,2008,TBL,NHL,1,,16,5,7,,4,,,,
milbumi01c,1989,BOS,NHL,1,,80,46,25,9,,21,13,8,0
milbumi01c,1990,BOS,NHL,1,,80,44,24,12,,19,10,9,0
milbumi01c,1995,NYI,NHL,1,,82,22,50,10,,,,,
milbumi01c,1996,NYI,NHL,1,,45,13,23,9,,,,,
milbumi01c,1997,NYI,NHL,2,,19,8,9,2,,,,,
milbumi01c,1998,NYI,NHL,1,,45,13,29,3,,,,,
mollelo01c,1998,CHI,NHL,2,,23,13,6,4,,,,,
mollelo01c,1999,CHI,NHL,1,,24,5,13,4,2,,,,
moorege01c,1974,IND,WHA,1,,78,18,57,3,,,,,
moorege01c,1975,IND,WHA,1,,5,1,4,0,,,,,
muckljo01c,1968,MNS,NHL,2,,35,6,23,6,,,,,
muckljo01c,1989,EDM,NHL,1,,80,38,28,14,,22,16,6,0
muckljo01c,1990,EDM,NHL,1,,80,37,37,6,,18,9,9,0
muckljo01c,1991,BUF,NHL,2,,52,22,22,8,,7,3,4,0
muckljo01c,1992,BUF,NHL,1,,84,38,36,10,,8,4,4,0
muckljo01c,1993,BUF,NHL,1,,84,43,32,9,,7,3,4,0
muckljo01c,1994,BUF,NHL,1,,48,22,19,7,,5,1,4,0
muckljo01c,1997,NYR,NHL,2,,25,8,15,2,,,,,
muckljo01c,1998,NYR,NHL,1,,82,33,38,11,,,,,
muckljo01c,1999,NYR,NHL,1,,78,29,35,11,3,,,,
muldope01c,1913,NWR,PCHA,1,,16,7,9,0,,,,,
muldope01c,1914,PO1,PCHA,1,,18,9,9,0,,,,,
muldope01c,1915,SEA,PCHA,1,,18,9,9,0,,,,,
muldope01c,1916,SEA,PCHA,1,,24,16,8,0,,4,3,1,0
muldope01c,1917,SEA,PCHA,1,,18,11,7,0,,2,0,1,1
muldope01c,1918,SEA,PCHA,1,,20,11,9,0,,7,3,3,1
muldope01c,1919,SEA,PCHA,1,,22,12,10,0,,7,3,4,0
muldope01c,1920,SEA,PCHA,1,,24,12,11,1,,2,0,2,0
muldope01c,1921,SEA,PCHA,1,,24,12,11,1,,2,0,2,0
muldope01c,1922,SEA,PCHA,1,,30,15,15,0,,,,,
muldope01c,1923,SEA,PCHA,1,,30,14,16,0,,2,0,1,1
muldope01c,1925,POR,WCHL,1,,30,12,16,2,,,,,
muldope01c,1926,CHI,NHL,1,,44,19,22,3,,2,0,1,1
mulleki01c,2011,CAR,NHL,2,,57,25,20,,12,,,,
munrodu01c,1929,MTM,NHL,1,,44,23,16,5,,4,1,3,0
munrodu01c,1930,MTM,NHL,1,,32,14,13,5,,,,,
murdobo01c,1987,CHI,NHL,1,,80,30,41,9,,5,1,4,0
murdobo01c,1989,WIN,NHL,1,,80,37,32,11,,7,3,4,0
murdobo01c,1990,WIN,NHL,1,,80,26,43,11,,,,,
murphji01c,1913,TOO,NHA,1,,20,4,16,0,,,,,
murphji01c,1914,TOO,NHA,1,,20,7,13,0,,,,,
murphmi01c,1986,LAK,NHL,2,,38,13,21,4,,5,1,4,0
murphmi01c,1987,LAK,NHL,1,,27,7,16,4,,,,,
murphmi01c,1996,TOR,NHL,1,,82,30,44,8,,,,,
murphmi01c,1997,TOR,NHL,1,,82,30,43,9,,,,,
murraan01c,1999,LAK,NHL,1,,82,39,27,12,4,4,0,4,0
murraan01c,2000,LAK,NHL,1,,82,38,28,13,3,13,7,6,0
murraan01c,2001,LAK,NHL,1,,82,40,27,11,4,7,3,4,0
murraan01c,2002,LAK,NHL,1,,82,33,37,6,6,,,,
murraan01c,2003,LAK,NHL,1,,82,28,29,16,9,,,,
murraan01c,2005,LAK,NHL,1,,70,37,28,,5,,,,
murraan01c,2006,STL,NHL,2,,54,27,18,,9,,,,
murraan01c,2007,STL,NHL,1,,82,33,36,,13,,,,
murraan01c,2008,STL,NHL,1,,82,41,31,,10,4,0,4,0
murraan01c,2009,STL,NHL,1,,40,17,17,,6,,,,
murrabr01c,1981,WAS,NHL,3,,66,25,28,13,,,,,
murrabr01c,1982,WAS,NHL,1,,80,39,25,16,,4,1,3,0
murrabr01c,1983,WAS,NHL,1,,80,48,27,5,,8,4,4,0
murrabr01c,1984,WAS,NHL,1,,80,46,25,9,,5,2,3,0
murrabr01c,1985,WAS,NHL,1,,80,50,23,7,,9,5,4,0
murrabr01c,1986,WAS,NHL,1,,80,38,32,10,,7,3,4,0
murrabr01c,1987,WAS,NHL,1,,80,38,33,9,,14,7,7,0
murrabr01c,1988,WAS,NHL,1,,80,41,29,10,,6,2,4,0
murrabr01c,1989,WAS,NHL,1,,46,18,24,4,,,,,
murrabr01c,1990,DET,NHL,1,,80,34,38,8,,7,3,4,0
murrabr01c,1991,DET,NHL,1,,80,43,25,12,,11,4,7,0
murrabr01c,1992,DET,NHL,1,,84,47,28,9,,7,3,4,0
murrabr01c,1997,FLO,NHL,2,,59,17,31,11,,,,,
murrabr01c,2001,ANA,NHL,1,,82,29,42,8,3,,,,
murrabr01c,2005,OTT,NHL,1,,82,52,21,,9,10,5,5,0
murrabr01c,2006,OTT,NHL,1,,82,48,25,,9,20,13,7,0
murrabr01c,2007,OTT,NHL,2,,18,7,9,,2,4,0,4,0
murrate01c,1989,WAS,NHL,2,,34,18,14,2,,15,8,7,0
murrate01c,1990,WAS,NHL,1,,80,37,36,7,,11,5,6,0
murrate01c,1991,WAS,NHL,1,,80,45,27,8,,7,3,4,0
murrate01c,1992,WAS,NHL,1,,84,43,34,7,,6,2,4,0
murrate01c,1993,WAS,NHL,1,,47,20,23,4,,,,,
murrate01c,1994,PHI,NHL,1,,48,28,16,4,,15,10,5,0
murrate01c,1995,PHI,NHL,1,,82,45,24,13,,12,6,6,0
murrate01c,1996,PHI,NHL,1,,82,45,24,13,,19,12,7,0
murrate01c,1998,FLO,NHL,1,,82,30,34,18,,,,,
murrate01c,1999,FLO,NHL,1,,82,43,27,6,6,4,0,4,0
murrate01c,2000,FLO,NHL,1,,36,6,18,7,5,,,,
murrate01c,2008,LAK,NHL,1,,82,34,37,,11,,,,
murrate01c,2009,LAK,NHL,1,,82,46,27,,9,6,2,4,0
murrate01c,2010,LAK,NHL,1,,82,46,30,,6,6,2,4,0
murrate01c,2011,LAK,NHL,1,,29,13,12,,4,,,,
nannelo01c,1977,MNS,NHL,3,,29,7,18,4,,,,,
nealeha01c,1972,MFS,WHA,2,,19,10,9,0,,6,1,4,0
nealeha01c,1973,MFS,WHA,1,,76,42,32,2,,11,6,5,0
nealeha01c,1974,MFS,WHA,1,,77,42,32,3,,12,6,6,0
nealeha01c,1975,MFS,WHA,1,,59,30,25,4,,,,,
nealeha01c,1975,NEW,WHA,3,,12,5,6,1,,17,10,7,0
nealeha01c,1976,NEW,WHA,1,,81,35,40,6,,5,1,4,0
nealeha01c,1977,NEW,WHA,1,,80,44,31,5,,14,8,6,0
nealeha01c,1978,VAN,NHL,1,,80,25,42,13,,3,1,2,0
nealeha01c,1979,VAN,NHL,1,,80,27,37,16,,4,1,3,0
nealeha01c,1980,VAN,NHL,1,,80,28,32,20,,3,0,3,0
nealeha01c,1981,VAN,NHL,1,,75,26,33,16,,,,,
nealeha01c,1983,VAN,NHL,2,,32,15,13,4,,4,1,3,0
nealeha01c,1984,VAN,NHL,2,,60,21,32,7,,,,,
nealeha01c,1985,DET,NHL,1,,35,8,23,4,,,,,
needhbi01c,1972,CLC,WHA,1,,78,43,32,3,,9,5,4,0
needhbi01c,1973,CLC,WHA,1,,78,37,32,9,,5,1,4,0
neilsro01c,1977,TOR,NHL,1,,80,41,29,10,,13,6,7,0
neilsro01c,1978,TOR,NHL,1,,80,34,33,13,,6,2,4,0
neilsro01c,1980,BUF,NHL,1,,80,39,20,21,,8,4,4,0
neilsro01c,1981,VAN,NHL,2,,5,4,0,1,,17,11,6,0
neilsro01c,1982,VAN,NHL,1,,80,30,35,15,,4,1,3,0
neilsro01c,1983,VAN,NHL,1,,48,17,26,5,,,,,
neilsro01c,1983,LAK,NHL,3,,28,8,17,3,,,,,
neilsro01c,1989,NYR,NHL,1,,80,36,31,13,,10,5,5,0
neilsro01c,1990,NYR,NHL,1,,80,36,31,13,,6,2,4,0
neilsro01c,1991,NYR,NHL,1,,80,50,25,5,,13,6,7,0
neilsro01c,1992,NYR,NHL,1,,40,19,17,4,,,,,
neilsro01c,1993,FLO,NHL,1,,84,33,34,17,,,,,
neilsro01c,1994,FLO,NHL,1,,48,20,22,6,,,,,
neilsro01c,1997,PHI,NHL,2,,21,10,9,2,,5,1,4,0
neilsro01c,1998,PHI,NHL,1,,82,37,26,19,,6,2,4,0
neilsro01c,1999,PHI,NHL,1,,82,45,22,12,3,18,11,7,0
neilsro01c,2001,OTT,NHL,2,interim,2,1,1,0,0,,,,
nevesst01c,1977,CZE,WHA,1,,8,1,6,1,,,,,
noelcl01c,2009,CBS,NHL,2,,24,10,8,,6,,,,
noelcl01c,2011,WPG,NHL,1,,82,37,35,,10,,,,
nolanch01c,1910,QU1,NHA,1,,16,4,12,0,,,,,
nolanch01c,1911,QU1,NHA,1,,18,10,8,0,,,,,
nolante01c,1995,BUF,NHL,1,,82,33,42,7,,,,,
nolante01c,1996,BUF,NHL,1,,82,40,30,12,,12,5,7,0
nolante01c,2006,NYI,NHL,1,,82,40,30,,12,5,1,4,0
nolante01c,2007,NYI,NHL,1,,10,6,4,,0,,,,
nolante01c,2007,NYI,NHL,3,,71,28,34,,9,,,,
nykolmi01c,1980,TOR,NHL,2,,40,15,15,10,,3,0,3,0
nykolmi01c,1981,TOR,NHL,1,,80,20,44,16,,,,,
nykolmi01c,1982,TOR,NHL,1,,80,28,40,12,,4,1,3,0
nykolmi01c,1983,TOR,NHL,1,,80,26,45,9,,,,,
oconnmi01c,2002,BOS,NHL,2,,9,3,3,3,0,5,1,4,0
odonoge01c,1921,TRS,NHL,1,,24,13,10,1,,7,4,2,1
odonoge01c,1922,TRS,NHL,1,,5,2,3,0,,,,,
olczyed01c,2003,PIT,NHL,1,,82,23,47,8,4,,,,
olczyed01c,2005,PIT,NHL,1,,31,8,17,,6,,,,
olivemu01c,1982,MNS,NHL,2,,37,18,12,7,,9,4,5,0
olmstbe01c,1967,OAK,NHL,1,,64,11,37,16,,,,,
oreilte01c,1986,BOS,NHL,2,,67,34,27,6,,4,0,4,0
oreilte01c,1987,BOS,NHL,1,,80,44,30,6,,23,12,10,1
oreilte01c,1988,BOS,NHL,1,,80,37,29,14,,10,5,5,0
paddojo01c,1991,WIN,NHL,1,,80,33,32,15,,7,3,4,0
paddojo01c,1992,WIN,NHL,1,,84,40,37,7,,6,2,4,0
paddojo01c,1993,WIN,NHL,1,,84,24,51,9,,,,,
paddojo01c,1994,WIN,NHL,1,,33,9,18,6,,,,,
paddojo01c,2007,OTT,NHL,1,,64,36,22,,6,,,,
pagepi01c,1988,MNS,NHL,1,,80,27,37,16,,5,1,4,0
pagepi01c,1989,MNS,NHL,1,,80,36,40,4,,7,3,4,0
pagepi01c,1991,QUE,NHL,2,,62,17,34,11,,,,,
pagepi01c,1992,QUE,NHL,1,,84,47,27,10,,6,2,4,0
pagepi01c,1993,QUE,NHL,1,,84,34,42,8,,,,,
pagepi01c,1995,CAL,NHL,1,,82,34,37,11,,4,0,4,0
pagepi01c,1996,CAL,NHL,1,,82,32,41,9,,,,,
pagepi01c,1997,ANA,NHL,1,,82,26,43,13,,,,,
parkbr01c,1985,DET,NHL,2,,45,9,34,2,,,,,
paterri01c,1997,TBL,NHL,2,interim,6,0,6,0,,,,,
patricr01c,1980,NYR,NHL,2,,60,26,23,11,,14,7,7,0
patricr01c,1984,NYR,NHL,2,,35,11,22,2,,3,0,3,0
patricr01c,1989,PIT,NHL,2,,54,22,26,6,,,,,
patricr01c,1996,PIT,NHL,2,,20,7,10,3,,5,1,4,0
patrifr01c,1911,VML,PCHA,1,,15,7,8,0,,,,,
patrifr01c,1912,VML,PCHA,1,,14,7,7,0,,,,,
patrifr01c,1913,VML,PCHA,1,,16,7,9,0,,,,,
patrifr01c,1914,VML,PCHA,1,,17,13,4,0,,3,3,0,0
patrifr01c,1915,VML,PCHA,1,,18,9,9,0,,,,,
patrifr01c,1916,VML,PCHA,1,,23,14,9,0,,,,,
patrifr01c,1917,VML,PCHA,1,,18,9,9,0,,7,3,3,1
patrifr01c,1918,VML,PCHA,1,,20,12,8,0,,2,1,1,0
patrifr01c,1919,VML,PCHA,1,,22,11,11,0,,2,1,1,0
patrifr01c,1920,VML,PCHA,1,,24,13,11,0,,7,4,3,0
patrifr01c,1921,VML,PCHA,1,,24,12,12,0,,9,5,4,0
patrifr01c,1922,VAM,PCHA,1,,30,17,12,1,,6,2,4,0
patrifr01c,1923,VAM,PCHA,1,,30,13,16,1,,7,2,4,1
patrifr01c,1924,VMR,WCHL,1,,28,12,16,0,,,,,
patrifr01c,1925,VMR,WCHL,1,,30,10,18,2,,,,,
patrifr01c,1934,BOS,NHL,1,,48,26,16,6,,4,1,3,0
patrifr01c,1935,BOS,NHL,1,,48,22,20,6,,2,1,1,0
patrile01c,1911,VA1,PCHA,1,,16,7,9,0,,,,,
patrile01c,1912,VA1,PCHA,1,,15,10,5,0,,3,2,1,0
patrile01c,1913,VA1,PCHA,1,,16,10,6,0,,3,0,3,0
patrile01c,1914,VA1,PCHA,1,,17,4,13,0,,,,,
patrile01c,1915,VA1,PCHA,1,,18,5,13,0,,,,,
patrile01c,1916,SPO,PCHA,1,,23,8,15,0,,,,,
patrile01c,1918,VA2,PCHA,1,,20,7,13,0,,,,,
patrile01c,1919,VA2,PCHA,1,,22,10,12,0,,,,,
patrile01c,1920,VA2,PCHA,1,,24,10,13,1,,,,,
patrile01c,1921,VA2,PCHA,1,,24,11,12,1,,,,,
patrile01c,1922,VC1,PCHA,1,,30,16,14,0,,2,1,1,0
patrile01c,1923,VC1,PCHA,1,,30,11,18,1,,,,,
patrile01c,1924,VIC,WCHL,1,,28,16,12,0,,8,5,1,2
patrile01c,1925,VIC,WCHL,1,,30,15,11,4,,8,3,3,2
patrile01c,1926,NYR,NHL,1,,44,25,13,6,,2,0,1,1
patrile01c,1927,NYR,NHL,1,,44,19,16,9,,9,5,3,1
patrile01c,1928,NYR,NHL,1,,44,21,13,10,,6,3,2,1
patrile01c,1929,NYR,NHL,1,,44,17,17,10,,4,1,2,1
patrile01c,1930,NYR,NHL,1,,44,19,16,9,,4,2,2,0
patrile01c,1931,NYR,NHL,1,,48,23,17,8,,7,3,4,0
patrile01c,1932,NYR,NHL,1,,48,23,17,8,,8,6,1,1
patrile01c,1933,NYR,NHL,1,,48,21,19,8,,2,0,1,1
patrile01c,1934,NYR,NHL,1,,48,22,20,6,,4,2,1,1
patrile01c,1935,NYR,NHL,1,,48,19,17,12,,,,,
patrile01c,1936,NYR,NHL,1,,48,19,20,9,,9,6,3,0
patrile01c,1937,NYR,NHL,1,,48,27,15,6,,3,1,2,0
patrile01c,1938,NYR,NHL,1,,48,26,16,6,,7,3,4,0
patrily01c,1948,NYR,NHL,2,,37,12,20,5,,,,,
patrily01c,1949,NYR,NHL,1,,70,28,31,11,,12,7,5,0
patrily01c,1950,BOS,NHL,1,,70,22,30,18,,6,1,4,1
patrily01c,1951,BOS,NHL,1,,70,25,29,16,,7,3,4,0
patrily01c,1952,BOS,NHL,1,,70,28,29,13,,11,5,6,0
patrily01c,1953,BOS,NHL,1,,70,32,28,10,,4,0,4,0
patrily01c,1954,BOS,NHL,1,,30,10,14,6,,,,,
patrily01c,1967,STL,NHL,1,,16,4,10,2,,,,,
patrily01c,1974,STL,NHL,2,,2,1,0,1,,,,,
patrily01c,1975,STL,NHL,2,,8,3,5,0,,,,,
patrimu01c,1953,NYR,NHL,2,,30,15,11,4,,,,,
patrimu01c,1954,NYR,NHL,1,,70,17,35,18,,,,,
patrimu01c,1959,NYR,NHL,2,,2,0,1,1,,,,,
patrimu01c,1962,NYR,NHL,1,,34,11,19,4,,,,,
payneda01c,2009,STL,NHL,2,,42,23,15,,4,,,,
payneda01c,2010,STL,NHL,1,,82,38,33,,11,,,,
payneda01c,2011,STL,NHL,1,,13,6,7,,0,,,,
perroje01c,1985,MTL,NHL,1,,80,40,33,7,,20,15,5,0
perroje01c,1986,MTL,NHL,1,,80,41,29,10,,17,10,7,0
perroje01c,1987,MTL,NHL,1,,80,45,22,13,,11,5,6,0
perroje01c,1988,QUE,NHL,2,,47,16,26,5,,,,,
perrydo01c,1981,LAK,NHL,2,,38,11,17,10,,10,4,6,0
perrydo01c,1982,LAK,NHL,1,,80,27,41,12,,,,,
perrydo01c,1983,LAK,NHL,1,,50,14,27,9,,,,,
pikeal01c,1959,NYR,NHL,3,,53,14,28,11,,,,,
pikeal01c,1960,NYR,NHL,1,,70,22,38,10,,,,,
pilouru01c,1957,CHI,NHL,2,,37,14,22,1,,,,,
pilouru01c,1958,CHI,NHL,1,,70,28,29,13,,6,2,4,0
pilouru01c,1959,CHI,NHL,1,,70,28,29,13,,4,0,4,0
pilouru01c,1960,CHI,NHL,1,,70,29,24,17,,12,8,4,0
pilouru01c,1961,CHI,NHL,1,,70,31,26,13,,12,6,6,0
pilouru01c,1962,CHI,NHL,1,,70,32,21,17,,6,2,4,0
pilouru01c,1974,WIJ,WHA,1,,37,18,17,2,,,,,
pilouru01c,1974,WIJ,WHA,3,,28,16,9,3,,,,,
pindebo01c,1921,SMJ,WCHL,1,,24,5,19,0,,,,,
plageba01c,1977,STL,NHL,2,,26,9,11,6,,,,,
plageba01c,1978,STL,NHL,1,,80,18,50,12,,,,,
plageba01c,1979,STL,NHL,1,,24,7,14,3,,,,,
plageba01c,1982,STL,NHL,2,,48,15,21,12,,4,1,3,0
plagebo01c,1992,STL,NHL,1,,11,4,6,1,,,,,
plantja01c,1973,QUN,WHA,1,,78,38,36,4,,,,,
playfji01c,2006,CAL,NHL,1,,82,43,29,,10,6,2,4,0
pleaula01c,1980,HAR,NHL,2,,20,6,12,2,,,,,
pleaula01c,1981,HAR,NHL,1,,80,21,41,18,,,,,
pleaula01c,1982,HAR,NHL,2,,18,4,13,1,,,,,
pleaula01c,1987,HAR,NHL,2,,26,13,13,0,,6,2,4,0
pleaula01c,1988,HAR,NHL,1,,80,37,38,5,,4,0,4,0
polanni01c,1982,DET,NHL,1,,80,21,44,15,,,,,
polanni01c,1983,DET,NHL,1,,80,31,42,7,,4,1,3,0
polanni01c,1984,DET,NHL,1,,80,27,41,12,,3,0,3,0
popeila01c,1973,NYR,NHL,1,,41,18,14,9,,,,,
powered01c,1924,TRS,NHL,1,,30,19,11,0,,2,0,2,0
powered01c,1925,TRS,NHL,1,,36,12,21,3,,,,,
primejo01c,1950,TOR,NHL,1,,70,41,16,13,,11,8,2,1
primejo01c,1951,TOR,NHL,1,,70,29,25,16,,4,0,4,0
primejo01c,1952,TOR,NHL,1,,70,27,30,13,,,,,
pronoma01c,1972,CHC,WHA,1,,78,26,50,2,,,,,
pronoma01c,1977,BUF,NHL,1,,80,44,19,17,,8,3,5,0
pronoma01c,1978,BUF,NHL,1,,24,8,10,6,,,,,
pulfobo01c,1972,LAK,NHL,1,,78,31,36,11,,,,,
pulfobo01c,1973,LAK,NHL,1,,78,33,33,12,,5,1,4,0
pulfobo01c,1974,LAK,NHL,1,,80,42,17,21,,3,1,2,0
pulfobo01c,1975,LAK,NHL,1,,80,38,33,9,,9,5,4,0
pulfobo01c,1976,LAK,NHL,1,,80,34,31,15,,9,4,5,0
pulfobo01c,1977,CHI,NHL,1,,80,32,29,19,,4,0,4,0
pulfobo01c,1978,CHI,NHL,1,,80,29,36,15,,4,0,4,0
pulfobo01c,1981,CHI,NHL,2,,28,12,14,2,,15,8,7,0
pulfobo01c,1984,CHI,NHL,2,,27,16,7,4,,15,9,6,0
pulfobo01c,1985,CHI,NHL,1,,80,39,33,8,,3,0,3,0
pulfobo01c,1986,CHI,NHL,1,,80,29,37,14,,4,0,4,0
pulfobo01c,1999,CHI,NHL,2,,58,28,24,6,0,,,,
quennjo01c,1996,STL,NHL,3,,40,18,15,7,,6,2,4,0
quennjo01c,1997,STL,NHL,1,,82,45,29,8,,10,6,4,0
quennjo01c,1998,STL,NHL,1,,82,37,32,13,,13,6,7,0
quennjo01c,1999,STL,NHL,1,,82,51,19,11,1,7,3,4,0
quennjo01c,2000,STL,NHL,1,,82,43,22,12,5,15,9,6,0
quennjo01c,2001,STL,NHL,1,,82,43,27,8,4,10,5,5,0
quennjo01c,2002,STL,NHL,1,,82,41,24,11,6,7,3,4,0
quennjo01c,2003,STL,NHL,1,,61,29,23,7,2,,,,
quennjo01c,2005,COL,NHL,1,,82,43,30,,9,9,4,5,0
quennjo01c,2006,COL,NHL,1,,82,44,31,,7,,,,
quennjo01c,2007,COL,NHL,1,,82,44,31,,7,10,4,6,0
quennjo01c,2008,CHI,NHL,2,,78,45,22,,11,17,9,8,0
quennjo01c,2009,CHI,NHL,1,,82,52,22,,8,22,16,6,0
quennjo01c,2010,CHI,NHL,1,,82,44,29,,9,7,3,4,0
quennjo01c,2011,CHI,NHL,1,,82,45,26,,11,6,2,4,0
querrch01c,1922,TRS,NHL,2,,19,11,7,1,,,,,
querrch01c,1923,TRS,NHL,1,,24,10,14,0,,,,,
querrch01c,1926,TRS,NHL,2,,29,8,17,4,,,,,
quinnmi01c,1912,QU1,NHA,1,,20,16,4,0,,,,,
quinnmi01c,1913,QU1,NHA,1,,20,12,8,0,,,,,
quinnmi01c,1914,QU1,NHA,1,,20,11,9,0,,,,,
quinnmi01c,1915,QU1,NHA,1,,24,10,12,2,,,,,
quinnmi01c,1916,QU1,NHA,1,,20,10,10,0,,,,,
quinnmi01c,1919,QUB,NHL,1,,24,4,20,0,,,,,
quinnpa01c,1978,PHI,NHL,2,,30,18,8,4,,8,3,5,0
quinnpa01c,1979,PHI,NHL,1,,80,48,12,20,,19,13,6,0
quinnpa01c,1980,PHI,NHL,1,,80,41,24,15,,12,6,6,0
quinnpa01c,1981,PHI,NHL,1,,72,34,29,9,,,,,
quinnpa01c,1984,LAK,NHL,1,,80,34,32,14,,3,0,3,0
quinnpa01c,1985,LAK,NHL,1,,80,23,49,8,,,,,
quinnpa01c,1986,LAK,NHL,1,,42,18,20,4,,,,,
quinnpa01c,1990,VAN,NHL,2,,26,9,13,4,,6,2,4,0
quinnpa01c,1991,VAN,NHL,1,,80,42,26,12,,13,6,7,0
quinnpa01c,1992,VAN,NHL,1,,84,46,29,9,,12,6,6,0
quinnpa01c,1993,VAN,NHL,1,,84,41,40,3,,24,15,9,0
quinnpa01c,1995,VAN,NHL,2,,6,3,3,0,,6,2,4,0
quinnpa01c,1998,TOR,NHL,1,,82,45,30,7,,17,9,8,0
quinnpa01c,1999,TOR,NHL,1,,82,45,27,7,3,12,6,6,0
quinnpa01c,2000,TOR,NHL,1,,82,37,29,11,5,11,7,4,0
quinnpa01c,2001,TOR,NHL,1,,82,43,25,10,4,20,10,10,0
quinnpa01c,2002,TOR,NHL,1,,82,44,28,7,3,7,3,4,0
quinnpa01c,2003,TOR,NHL,1,,82,45,24,10,3,13,6,7,0
quinnpa01c,2005,TOR,NHL,1,,82,41,33,,8,,,,
quinnpa01c,2009,EDM,NHL,1,,82,27,47,,8,,,,
raedeca01c,2002,SJS,NHL,2,,1,1,0,0,0,,,,
rafteje01c,1977,CIN,WHA,2,interim,5,2,3,0,,,,,
ramsacr01c,1986,BUF,NHL,2,,21,4,15,2,,,,,
ramsacr01c,2000,PHI,NHL,1,,28,12,12,4,0,,,,
ramsacr01c,2010,ATL,NHL,1,,82,34,36,,12,,,,
randake01c,1923,HAM,NHL,2,,14,6,8,0,,,,,
reaybi01c,1957,TOR,NHL,1,,70,21,38,11,,,,,
reaybi01c,1958,TOR,NHL,1,,20,5,12,3,,,,,
reaybi01c,1963,CHI,NHL,1,,70,36,22,12,,7,3,4,0
reaybi01c,1964,CHI,NHL,1,,70,34,28,8,,14,7,7,0
reaybi01c,1965,CHI,NHL,1,,70,37,25,8,,6,2,4,0
reaybi01c,1966,CHI,NHL,1,,70,41,17,12,,6,2,4,0
reaybi01c,1967,CHI,NHL,1,,74,32,26,16,,11,5,6,0
reaybi01c,1968,CHI,NHL,1,,76,34,33,9,,,,,
reaybi01c,1969,CHI,NHL,1,,76,45,22,9,,8,4,4,0
reaybi01c,1970,CHI,NHL,1,,78,49,20,9,,18,11,7,0
reaybi01c,1971,CHI,NHL,1,,78,46,17,15,,8,4,4,0
reaybi01c,1972,CHI,NHL,1,,78,42,27,9,,16,10,6,0
reaybi01c,1973,CHI,NHL,1,,78,41,14,23,,11,6,5,0
reaybi01c,1974,CHI,NHL,1,,80,37,35,8,,8,3,5,0
reaybi01c,1975,CHI,NHL,1,,80,32,30,18,,4,0,4,0
reaybi01c,1976,CHI,NHL,1,,34,10,19,5,,,,,
reganla01c,1970,LAK,NHL,1,,78,25,40,13,,,,,
reganla01c,1971,LAK,NHL,1,,10,2,7,1,,,,,
renneto01c,1996,VAN,NHL,1,,82,35,40,7,,,,,
renneto01c,1997,VAN,NHL,1,,19,4,13,2,,,,,
renneto01c,2003,NYR,NHL,2,,20,5,11,0,4,,,,
renneto01c,2005,NYR,NHL,1,,82,44,26,,12,4,0,4,0
renneto01c,2006,NYR,NHL,1,,82,42,30,,10,10,6,4,0
renneto01c,2007,NYR,NHL,1,,82,42,27,,13,10,5,5,0
renneto01c,2008,NYR,NHL,1,,61,31,23,,7,,,,
renneto01c,2010,EDM,NHL,1,,82,25,45,,12,,,,
renneto01c,2011,EDM,NHL,1,,82,32,40,,10,,,,
richama01c,1972,QUN,WHA,1,,2,1,1,0,,,,,
richato01c,2009,MIN,NHL,1,,82,38,36,,8,,,,
richato01c,2010,MIN,NHL,1,,82,39,35,,8,,,,
richato01c,2011,CBS,NHL,2,,41,18,21,,2,,,,
ridpabr01c,1912,TBS,NHA,1,,20,9,11,0,,,,,
risebdo01c,1990,CAL,NHL,1,,80,46,26,8,,7,3,4,0
risebdo01c,1991,CAL,NHL,1,,64,25,30,9,,,,,
roberji01c,1981,BUF,NHL,2,,45,21,16,8,,,,,
roberji01c,1991,HAR,NHL,1,,80,26,41,13,,7,3,4,0
roberji01c,1996,STL,NHL,2,,9,3,3,3,,,,,
robinla01c,1995,LAK,NHL,1,,82,24,40,18,,,,,
robinla01c,1996,LAK,NHL,1,,82,28,43,11,,,,,
robinla01c,1997,LAK,NHL,1,,82,38,33,11,,4,0,4,0
robinla01c,1998,LAK,NHL,1,,82,32,45,5,,,,,
robinla01c,1999,NJD,NHL,2,,8,4,4,0,0,23,16,7,0
robinla01c,2000,NJD,NHL,1,,82,48,19,12,3,25,15,10,0
robinla01c,2001,NJD,NHL,1,,51,21,20,7,3,,,,
robinla01c,2005,NJD,NHL,1,,32,14,13,,5,,,,
roddemi01c,1926,TRS,NHL,1,,2,0,2,0,,,,,
rollial01c,1976,PHR,WHA,1,,80,28,48,4,,,,,
romeral01c,1926,TRS,NHL,3,,13,7,5,1,,,,,
rossar01c,1913,MOW,NHA,2,,5,3,2,0,,,,,
rossar01c,1917,MTW,NHL,1,,6,1,5,0,,,,,
rossar01c,1922,HAM,NHL,1,,24,6,18,0,,,,,
rossar01c,1924,BOS,NHL,1,,30,6,24,0,,,,,
rossar01c,1925,BOS,NHL,1,,36,17,15,4,,,,,
rossar01c,1926,BOS,NHL,1,,44,21,20,3,,8,2,2,4
rossar01c,1927,BOS,NHL,1,,44,20,13,11,,2,0,1,1
rossar01c,1929,BOS,NHL,1,,44,38,5,1,,6,3,3,0
rossar01c,1930,BOS,NHL,1,,44,28,10,6,,5,2,3,0
rossar01c,1931,BOS,NHL,1,,48,15,21,12,,,,,
rossar01c,1932,BOS,NHL,1,,48,25,15,8,,5,2,3,0
rossar01c,1933,BOS,NHL,1,,48,18,25,5,,,,,
rossar01c,1936,BOS,NHL,1,,48,23,18,7,,3,1,2,0
rossar01c,1937,BOS,NHL,1,,48,30,11,7,,3,0,3,0
rossar01c,1938,BOS,NHL,1,,48,36,10,2,,12,8,4,0
rossar01c,1941,BOS,NHL,1,,48,25,17,6,,5,2,3,0
rossar01c,1942,BOS,NHL,1,,50,24,17,9,,9,4,5,0
rossar01c,1943,BOS,NHL,1,,50,19,26,5,,,,,
rossar01c,1944,BOS,NHL,1,,50,16,30,4,,7,3,4,0
ruelcl01c,1968,MTL,NHL,1,,76,46,19,11,,14,12,2,0
ruelcl01c,1969,MTL,NHL,1,,76,38,22,16,,,,,
ruelcl01c,1970,MTL,NHL,1,,23,11,8,4,,,,,
ruelcl01c,1979,MTL,NHL,2,,50,32,11,7,,10,6,4,0
ruelcl01c,1980,MTL,NHL,1,,80,45,22,13,,3,0,3,0
ruffli01c,1997,BUF,NHL,1,,82,36,29,17,,15,10,5,0
ruffli01c,1998,BUF,NHL,1,,82,37,28,17,,21,14,7,0
ruffli01c,1999,BUF,NHL,1,,82,35,32,11,4,5,1,4,0
ruffli01c,2000,BUF,NHL,1,,82,46,30,5,1,13,7,6,0
ruffli01c,2001,BUF,NHL,1,,82,35,35,11,1,,,,
ruffli01c,2002,BUF,NHL,1,,82,27,37,10,8,,,,
ruffli01c,2003,BUF,NHL,1,,82,37,34,7,4,,,,
ruffli01c,2005,BUF,NHL,1,,82,52,24,,6,18,11,7,0
ruffli01c,2006,BUF,NHL,1,,82,53,22,,7,16,9,7,0
ruffli01c,2007,BUF,NHL,1,,82,39,31,,12,,,,
ruffli01c,2008,BUF,NHL,1,,82,41,32,,9,,,,
ruffli01c,2009,BUF,NHL,1,,82,45,27,,10,6,2,4,0
ruffli01c,2010,BUF,NHL,1,,82,43,29,,10,7,3,4,0
ruffli01c,2011,BUF,NHL,1,,82,39,32,,11,,,,
ryanro01c,1973,NEW,WHA,1,,78,43,31,4,,7,3,4,0
ryanro01c,1974,NEW,WHA,1,,73,40,28,5,,,,,
saccojo01c,2009,COL,NHL,1,,82,43,30,,9,6,2,4,0
saccojo01c,2010,COL,NHL,1,,82,30,44,,8,,,,
saccojo01c,2011,COL,NHL,1,,82,41,35,,6,,,,
sathegl01c,1976,EDO,WHA,2,,18,9,7,2,,5,1,4,0
sathegl01c,1977,EDO,WHA,1,,80,38,39,3,,5,1,4,0
sathegl01c,1978,EDO,WHA,1,,80,48,30,2,,13,6,7,0
sathegl01c,1979,EDM,NHL,1,,80,28,39,13,,3,0,3,0
sathegl01c,1980,EDM,NHL,2,,62,25,26,11,,9,5,4,0
sathegl01c,1981,EDM,NHL,1,,80,48,17,15,,5,2,3,0
sathegl01c,1982,EDM,NHL,1,,80,47,21,12,,16,11,5,0
sathegl01c,1983,EDM,NHL,1,,80,57,18,5,,19,15,4,0
sathegl01c,1984,EDM,NHL,1,,80,49,20,11,,18,15,3,0
sathegl01c,1985,EDM,NHL,1,,80,56,17,7,,10,6,4,0
sathegl01c,1986,EDM,NHL,1,,80,50,24,6,,21,16,5,0
sathegl01c,1987,EDM,NHL,1,,80,44,25,11,,19,16,2,1
sathegl01c,1988,EDM,NHL,1,,80,38,34,8,,7,3,4,0
sathegl01c,1993,EDM,NHL,2,,60,22,27,11,,,,,
sathegl01c,2002,NYR,NHL,2,,28,11,10,4,3,,,,
sathegl01c,2003,NYR,NHL,1,,62,22,29,7,4,,,,
satorte01c,1985,NYR,NHL,1,,80,36,38,6,,16,8,8,0
satorte01c,1986,NYR,NHL,1,,19,5,10,4,,,,,
satorte01c,1986,BUF,NHL,3,,47,21,22,4,,,,,
satorte01c,1987,BUF,NHL,1,,80,37,32,11,,6,2,4,0
satorte01c,1988,BUF,NHL,1,,80,38,35,7,,5,1,4,0
savaged01c,1915,PO1,PCHA,1,,18,13,5,0,,5,2,3,0
savaged01c,1916,PO1,PCHA,1,,24,9,15,0,,,,,
savaged01c,1917,PO1,PCHA,1,,18,7,11,0,,,,,
savaran01c,1987,QUE,NHL,1,,24,10,13,1,,,,,
savarde01c,2006,CHI,NHL,2,,61,24,30,,7,,,,
savarde01c,2007,CHI,NHL,1,,82,40,34,,8,,,,
savarde01c,2008,CHI,NHL,1,,4,1,2,,1,,,,
schinke01c,1972,PIT,NHL,2,,36,15,18,3,,,,,
schinke01c,1973,PIT,NHL,1,,50,14,31,5,,,,,
schinke01c,1975,PIT,NHL,2,,37,20,10,7,,3,1,2,0
schinke01c,1976,PIT,NHL,1,,80,34,33,13,,3,1,2,0
schmimi01c,1954,BOS,NHL,2,,40,13,12,15,,5,1,4,0
schmimi01c,1955,BOS,NHL,1,,70,23,34,13,,,,,
schmimi01c,1956,BOS,NHL,1,,70,34,24,12,,10,5,5,0
schmimi01c,1957,BOS,NHL,1,,70,27,28,15,,12,6,6,0
schmimi01c,1958,BOS,NHL,1,,70,32,29,9,,7,3,4,0
schmimi01c,1959,BOS,NHL,1,,70,28,34,8,,,,,
schmimi01c,1960,BOS,NHL,1,,70,15,42,13,,,,,
schmimi01c,1962,BOS,NHL,2,,56,13,31,12,,,,,
schmimi01c,1963,BOS,NHL,1,,70,18,40,12,,,,,
schmimi01c,1964,BOS,NHL,1,,70,21,43,6,,,,,
schmimi01c,1965,BOS,NHL,1,,70,21,43,6,,,,,
schmimi01c,1974,WAS,NHL,3,,8,2,6,0,,,,,
schmimi01c,1975,WAS,NHL,1,,36,3,28,5,,,,,
schoeji01c,1985,BUF,NHL,1,,43,19,19,5,,,,,
schoeji01c,1987,NJD,NHL,2,,30,17,12,1,,20,11,9,0
schoeji01c,1988,NJD,NHL,1,,80,27,41,12,,,,,
schoeji01c,1989,NJD,NHL,1,,14,6,6,2,,,,,
schoeji01c,1993,WAS,NHL,2,,37,19,12,6,,11,5,6,0
schoeji01c,1994,WAS,NHL,1,,48,22,18,8,,7,3,4,0
schoeji01c,1995,WAS,NHL,1,,82,39,32,11,,6,2,4,0
schoeji01c,1996,WAS,NHL,1,,82,33,40,9,,,,,
schoeji01c,1997,PHO,NHL,1,,82,35,35,12,,6,2,4,0
schoeji01c,1998,PHO,NHL,1,,82,39,31,12,,7,3,4,0
shaugto01c,1929,CHI,NHL,1,,21,10,8,3,,,,,
shawbr01c,2005,NYI,NHL,2,,40,18,18,,4,,,,
shawbr02c,1973,EDO,WHA,1,,78,38,37,3,,5,1,4,0
shawbr02c,1974,EDO,WHA,1,,59,30,26,3,,,,,
sherofr01c,1971,PHI,NHL,1,,78,26,38,14,,,,,
sherofr01c,1972,PHI,NHL,1,,78,37,30,11,,11,5,6,0
sherofr01c,1973,PHI,NHL,1,,78,50,16,12,,17,12,5,0
sherofr01c,1974,PHI,NHL,1,,80,51,18,11,,17,12,5,0
sherofr01c,1975,PHI,NHL,1,,80,51,13,16,,16,8,8,0
sherofr01c,1976,PHI,NHL,1,,80,48,16,16,,10,4,6,0
sherofr01c,1977,PHI,NHL,1,,80,45,20,15,,12,7,5,0
sherofr01c,1978,NYR,NHL,1,,80,40,29,11,,18,11,7,0
sherofr01c,1979,NYR,NHL,1,,80,38,32,10,,9,4,5,0
sherofr01c,1980,NYR,NHL,1,,20,4,13,3,,,,,
simpsjo01c,1932,NYA,NHL,1,,48,15,22,11,,,,,
simpsjo01c,1933,NYA,NHL,1,,48,15,23,10,,,,,
simpsjo01c,1934,NYA,NHL,1,,48,12,27,9,,,,,
simpste01c,1986,NYI,NHL,1,,80,35,33,12,,14,7,7,0
simpste01c,1987,NYI,NHL,1,,80,39,31,10,,6,2,4,0
simpste01c,1988,NYI,NHL,1,,27,7,18,2,,,,,
simpste01c,1993,PHI,NHL,1,,84,35,39,10,,,,,
simpste01c,1994,WIN,NHL,2,,15,7,7,1,,,,,
simpste01c,1995,WIN,NHL,1,,82,36,40,6,,6,2,4,0
simsal01c,1996,SJS,NHL,1,,82,27,47,8,,,,,
sindeha01c,1966,BOS,NHL,1,,70,17,43,10,,,,,
sindeha01c,1967,BOS,NHL,1,,74,37,27,10,,4,0,4,0
sindeha01c,1968,BOS,NHL,1,,76,42,18,16,,10,6,4,0
sindeha01c,1969,BOS,NHL,1,,76,40,17,19,,14,12,2,0
sindeha01c,1979,BOS,NHL,2,,7,6,1,0,,10,4,6,0
sindeha01c,1984,BOS,NHL,2,,24,11,10,3,,5,2,3,0
skinnji01c,1954,DET,NHL,1,,70,42,17,11,,11,8,3,0
skinnji01c,1955,DET,NHL,1,,70,30,24,16,,10,5,5,0
skinnji01c,1956,DET,NHL,1,,70,38,20,12,,5,1,4,0
skinnji01c,1957,DET,NHL,1,,37,13,17,7,,,,,
slatete01c,1972,LAS,WHA,1,,78,37,35,6,,6,2,4,0
slatete01c,1973,LAS,WHA,1,,19,5,14,0,,,,,
slatete01c,1975,CIN,WHA,1,,80,35,44,1,,,,,
slatete01c,1976,CIN,WHA,1,,81,39,37,5,,4,0,4,0
smeatco01c,1930,PHQ,NHL,1,,44,4,36,4,,,,,
smithal03c,1913,OT1,NHA,1,,20,11,9,0,,,,,
smithal03c,1914,OT1,NHA,1,,20,14,6,0,,,,,
smithal03c,1915,OT1,NHA,1,,24,13,11,0,,,,,
smithal03c,1918,OTS,NHL,1,,18,12,6,0,,5,1,4,0
smithba02c,1998,DET,NHL,1,co-coach w,5,4,1,0,,,,,
smithfl01c,1971,BUF,NHL,2,,1,0,1,0,,,,,
smithfl01c,1974,BUF,NHL,1,,80,49,16,15,,17,10,7,0
smithfl01c,1975,BUF,NHL,1,,80,46,21,13,,9,4,5,0
smithfl01c,1976,BUF,NHL,1,,80,48,24,8,,6,2,4,0
smithfl01c,1978,CIN,WHA,1,,80,33,41,6,,3,1,2,0
smithfl01c,1979,TOR,NHL,1,,68,30,33,5,,,,,
smithmi01c,1980,WIN,NHL,3,,23,2,17,4,,,,,
smithro02c,1992,NYR,NHL,2,,44,15,22,7,,,,,
smythco01c,1927,TOR,NHL,1,,44,18,18,8,,,,,
smythco01c,1928,TOR,NHL,1,,44,21,18,5,,4,2,2,0
smythco01c,1929,TOR,NHL,1,,44,17,21,6,,,,,
smythco01c,1930,TOR,NHL,1,,2,1,0,1,,,,,
sonmogl01c,1972,MFS,WHA,1,,59,28,28,3,,,,,
sonmogl01c,1976,MF2,WHA,1,,42,19,18,5,,,,,
sonmogl01c,1977,BIR,WHA,1,,77,36,38,3,,5,1,4,0
sonmogl01c,1978,MNS,NHL,2,,69,25,34,10,,,,,
sonmogl01c,1979,MNS,NHL,1,,80,36,28,16,,15,8,7,0
sonmogl01c,1980,MNS,NHL,1,,80,35,28,17,,19,12,7,0
sonmogl01c,1981,MNS,NHL,1,,80,37,23,20,,4,1,3,0
sonmogl01c,1982,MNS,NHL,1,,43,22,12,9,,,,,
sonmogl01c,1984,MNS,NHL,2,,67,22,35,10,,9,5,4,0
sonmogl01c,1986,MNS,NHL,2,,2,0,1,1,,,,,
sprouha01c,1919,TRS,NHL,2,,12,7,5,0,,,,,
stanlba01c,1921,CAT,WCHL,1,,24,14,10,0,,2,0,1,1
stanlba01c,1927,CHI,NHL,1,,23,4,17,2,,,,,
staplpa01c,1973,CHC,WHA,1,,78,38,35,5,,18,8,10,0
staplpa01c,1974,CHC,WHA,1,,78,30,47,1,,,,,
staplpa01c,1978,IND,WHA,1,,25,5,18,2,,,,,
stasivi01c,1969,PHI,NHL,1,,76,17,35,24,,,,,
stasivi01c,1970,PHI,NHL,1,,78,28,33,17,,4,0,4,0
stasivi01c,1971,CLF,NHL,2,,75,21,38,16,,,,,
stasivi01c,1972,VAN,NHL,1,,78,22,47,9,,,,,
stevejo01c,2006,PHI,NHL,2,,74,21,42,,11,,,,
stevejo01c,2007,PHI,NHL,1,,82,42,29,,11,17,9,8,0
stevejo01c,2008,PHI,NHL,1,,82,44,27,,11,6,2,4,0
stevejo01c,2009,PHI,NHL,1,,25,13,11,,1,,,,
stevejo01c,2011,LAK,NHL,2,,4,2,2,,0,,,,
stewabi01c,1998,NYI,NHL,2,,37,11,19,7,,,,,
stewabi02c,1937,CHI,NHL,1,,48,14,25,9,,10,7,3,0
stewabi02c,1938,CHI,NHL,1,,21,8,10,3,,,,,
stewaro01c,1975,NYR,NHL,1,,39,15,20,4,,,,,
stewaro01c,1977,LAK,NHL,1,,80,31,34,15,,2,0,2,0
stirlst01c,2003,NYI,NHL,1,,82,38,29,11,4,5,1,4,0
stirlst01c,2005,NYI,NHL,1,,42,18,22,,2,,,,
stuarbr02c,1909,OT1,NHA,1,,12,9,3,0,,,,,
stuarbr02c,1910,OT1,NHA,1,,16,13,3,0,,,,,
stuarbr02c,1911,OT1,NHA,1,,18,9,9,0,,,,,
stuarbr02c,1912,OT1,NHA,1,,20,9,11,0,,,,,
suhonal01c,2000,CHI,NHL,1,,82,29,40,8,5,,,,
sullimi01c,2003,BOS,NHL,1,,82,41,19,15,7,7,3,4,0
sullimi01c,2005,BOS,NHL,1,,82,29,37,,16,,,,
sullire01c,1962,NYR,NHL,2,,36,11,17,8,,,,,
sullire01c,1963,NYR,NHL,1,,70,22,38,10,,,,,
sullire01c,1964,NYR,NHL,1,,70,20,38,12,,,,,
sullire01c,1965,NYR,NHL,1,,20,5,10,5,,,,,
sullire01c,1967,PIT,NHL,1,,74,27,34,13,,,,,
sullire01c,1968,PIT,NHL,1,,76,20,45,11,,,,,
sullire01c,1974,WAS,NHL,2,,18,2,16,0,,,,,
suthebi01c,1979,WIN,NHL,2,,3,1,2,0,,,,,
suthebi01c,1980,WIN,NHL,2,,29,6,20,3,,,,,
suttebr01c,1988,STL,NHL,1,,80,33,35,12,,10,5,5,0
suttebr01c,1989,STL,NHL,1,,80,37,34,9,,12,7,5,0
suttebr01c,1990,STL,NHL,1,,80,47,22,11,,13,6,7,0
suttebr01c,1991,STL,NHL,1,,80,36,33,11,,6,2,4,0
suttebr01c,1992,BOS,NHL,1,,84,51,26,7,,4,0,4,0
suttebr01c,1993,BOS,NHL,1,,84,42,29,13,,13,6,7,0
suttebr01c,1994,BOS,NHL,1,,48,27,18,3,,5,1,4,0
suttebr01c,1997,CAL,NHL,1,,82,26,41,15,,,,,
suttebr01c,1998,CAL,NHL,1,,82,30,40,12,,,,,
suttebr01c,1999,CAL,NHL,1,,82,31,36,10,5,,,,
suttebr01c,2001,CHI,NHL,1,,82,41,27,13,1,5,1,4,0
suttebr01c,2002,CHI,NHL,1,,82,30,33,13,6,,,,
suttebr01c,2003,CHI,NHL,1,,82,20,43,11,8,,,,
suttebr02c,2007,NJD,NHL,1,,82,46,29,,7,5,1,4,0
suttebr02c,2008,NJD,NHL,1,,82,51,27,,4,7,3,4,0
suttebr02c,2009,CAL,NHL,1,,82,40,32,,10,,,,
suttebr02c,2010,CAL,NHL,1,,82,41,29,,12,,,,
suttebr02c,2011,CAL,NHL,1,,82,37,29,,16,,,,
sutteda01c,1992,CHI,NHL,1,,84,47,25,12,,4,0,4,0
sutteda01c,1993,CHI,NHL,1,,84,39,36,9,,6,2,4,0
sutteda01c,1994,CHI,NHL,1,,48,24,19,5,,16,9,7,0
sutteda01c,1997,SJS,NHL,1,,82,34,38,10,,6,2,4,0
sutteda01c,1998,SJS,NHL,1,,82,31,33,18,,6,2,4,0
sutteda01c,1999,SJS,NHL,1,,82,35,30,10,7,12,5,7,0
sutteda01c,2000,SJS,NHL,1,,82,40,27,12,3,6,2,4,0
sutteda01c,2001,SJS,NHL,1,,82,44,27,8,3,12,7,5,0
sutteda01c,2002,SJS,NHL,1,,24,8,12,2,2,,,,
sutteda01c,2002,CAL,NHL,3,,46,19,18,8,1,,,,
sutteda01c,2003,CAL,NHL,1,,82,42,30,7,3,26,15,11,0
sutteda01c,2005,CAL,NHL,1,,82,46,25,,11,7,3,4,0
sutteda01c,2011,LAK,NHL,3,,49,25,13,,11,20,16,4,0
suttedu01c,2000,FLO,NHL,2,,46,16,20,6,4,,,,
suttedu01c,2001,FLO,NHL,1,,26,6,15,2,3,,,,
talboje01c,1972,STL,NHL,2,,65,30,28,7,,5,1,4,0
talboje01c,1973,STL,NHL,1,,55,22,25,8,,,,,
talboje01c,1975,DOT,WHA,1,,41,14,26,1,,,,,
talboje01c,1977,NYR,NHL,1,,80,30,37,13,,3,1,2,0
tessior01c,1982,CHI,NHL,1,,80,47,23,10,,13,7,6,0
tessior01c,1983,CHI,NHL,1,,80,30,42,8,,5,2,3,0
tessior01c,1984,CHI,NHL,1,,53,22,28,3,,,,,
therrmi01c,2000,MTL,NHL,2,,62,23,27,6,6,,,,
therrmi01c,2001,MTL,NHL,1,,82,36,31,12,3,12,6,6,0
therrmi01c,2002,MTL,NHL,1,,46,18,19,5,4,,,,
therrmi01c,2005,PIT,NHL,2,,51,14,29,,8,,,,
therrmi01c,2006,PIT,NHL,1,,82,47,24,,11,5,1,4,0
therrmi01c,2007,PIT,NHL,1,,82,47,27,,8,20,14,6,0
therrmi01c,2008,PIT,NHL,1,,57,27,25,,5,,,,
thomppa01c,1938,CHI,NHL,2,,27,4,18,5,,,,,
thomppa01c,1939,CHI,NHL,1,,48,23,19,6,,2,0,2,0
thomppa01c,1940,CHI,NHL,1,,48,16,25,7,,5,2,3,0
thomppa01c,1941,CHI,NHL,1,,48,22,23,3,,3,1,2,0
thomppa01c,1942,CHI,NHL,1,,50,17,18,15,,,,,
thomppa01c,1943,CHI,NHL,1,,50,22,23,5,,9,4,5,0
thomppa01c,1944,CHI,NHL,1,,1,0,1,0,,,,,
thomppe01c,1920,HAM,NHL,1,,24,6,18,0,,,,,
thomppe01c,1921,HAM,NHL,1,,24,7,17,0,,,,,
tippeda01c,2002,DAL,NHL,1,,82,46,17,15,4,12,6,6,0
tippeda01c,2003,DAL,NHL,1,,82,41,26,13,2,5,1,4,0
tippeda01c,2005,DAL,NHL,1,,82,53,23,,6,5,1,4,0
tippeda01c,2006,DAL,NHL,1,,82,50,25,,7,7,3,4,0
tippeda01c,2007,DAL,NHL,1,,82,45,30,,7,18,10,8,0
tippeda01c,2008,DAL,NHL,1,,82,36,35,,11,,,,
tippeda01c,2010,PHO,NHL,1,,82,43,26,,13,4,0,4,0
tippeda01c,2011,PHO,NHL,1,,82,42,27,,13,16,9,7,0
tobinbi01c,1929,CHI,NHL,2,,23,11,10,2,,2,0,1,1
tobinbi01c,1931,CHI,NHL,1,,48,18,19,11,,2,1,1,0
tocchri01c,2008,TBL,NHL,2,,66,19,33,,14,,,,
tocchri01c,2009,TBL,NHL,1,,82,34,36,,12,,,,
torchjo01c,2003,FLO,NHL,3,,27,10,12,4,1,,,,
torchjo01c,2005,LAK,NHL,2,,12,5,7,,0,,,,
tortojo01c,1999,NYR,NHL,2,,4,0,3,1,0,,,,
tortojo01c,2000,TBL,NHL,2,,43,12,27,1,3,,,,
tortojo01c,2001,TBL,NHL,1,,82,27,40,11,4,,,,
tortojo01c,2002,TBL,NHL,1,,82,36,25,16,5,11,5,6,0
tortojo01c,2003,TBL,NHL,1,,82,46,22,8,6,23,16,7,0
tortojo01c,2005,TBL,NHL,1,,82,43,33,,6,5,1,4,0
tortojo01c,2006,TBL,NHL,1,,82,44,33,,5,6,2,4,0
tortojo01c,2007,TBL,NHL,1,,82,31,42,,9,,,,
tortojo01c,2008,NYR,NHL,2,,21,12,7,,2,7,3,4,0
tortojo01c,2009,NYR,NHL,1,,82,38,33,,11,,,,
tortojo01c,2010,NYR,NHL,1,,82,44,33,,5,5,1,4,0
tortojo01c,2011,NYR,NHL,1,,82,51,24,,7,20,10,10,0
trembma02c,1995,MTL,NHL,3,,77,40,27,10,,6,2,4,0
trembma02c,1996,MTL,NHL,1,,82,31,36,15,,5,1,4,0
triheha01c,1909,MOS,NHA,1,,12,3,8,1,,,,,
trottbr01c,2002,NYR,NHL,1,,54,21,26,6,1,,,,
trotzba01c,1998,NAS,NHL,1,,82,28,47,7,,,,,
trotzba01c,1999,NAS,NHL,1,,82,28,40,7,7,,,,
trotzba01c,2000,NAS,NHL,1,,82,34,36,9,3,,,,
trotzba01c,2001,NAS,NHL,1,,82,28,41,13,,,,,
trotzba01c,2002,NAS,NHL,1,,82,27,35,13,7,,,,
trotzba01c,2003,NAS,NHL,1,,82,38,29,11,4,6,2,4,0
trotzba01c,2005,NAS,NHL,1,,82,49,25,,8,5,1,4,0
trotzba01c,2006,NAS,NHL,1,,82,51,23,,8,5,1,4,0
trotzba01c,2007,NAS,NHL,1,,82,41,32,,9,6,2,4,0
trotzba01c,2008,NAS,NHL,1,,82,40,34,,8,,,,
trotzba01c,2009,NAS,NHL,1,,82,47,29,,6,6,2,4,0
trotzba01c,2010,NAS,NHL,1,,82,44,27,,11,12,6,6,0
trotzba01c,2011,NAS,NHL,1,,82,48,26,,8,10,5,5,0
ubriage01c,1988,PIT,NHL,1,,80,40,33,7,,11,7,4,0
ubriage01c,1989,PIT,NHL,1,,26,10,14,2,,,,,
vachoro01c,1983,LAK,NHL,2,,2,1,0,1,,,,,
vachoro01c,1987,LAK,NHL,2,,1,0,1,0,,,,,
vachoro01c,1994,LAK,NHL,2,,7,3,2,2,,,,,
vigneal01c,1997,MTL,NHL,1,,82,37,32,13,,10,4,6,0
vigneal01c,1998,MTL,NHL,1,,82,32,39,11,,,,,
vigneal01c,1999,MTL,NHL,1,,82,35,34,9,4,,,,
vigneal01c,2000,MTL,NHL,1,,20,5,13,2,0,,,,
vigneal01c,2006,VAN,NHL,1,,82,49,26,,7,12,5,7,0
vigneal01c,2007,VAN,NHL,1,,82,39,33,,10,,,,
vigneal01c,2008,VAN,NHL,1,,82,45,27,,10,10,6,4,0
vigneal01c,2009,VAN,NHL,1,,82,49,28,,5,12,6,6,0
vigneal01c,2010,VAN,NHL,1,,82,54,19,,9,25,15,10,0
vigneal01c,2011,VAN,NHL,1,,82,51,22,,9,5,1,4,0
viviaja01c,1974,CLC,WHA,2,,45,21,22,2,,5,1,4,0
waddedo01c,2002,ATL,NHL,2,,10,4,5,1,0,,,,
waddedo01c,2007,ATL,NHL,2,,76,34,34,,8,,,,
watsobr01c,1980,EDM,NHL,1,,18,4,9,5,,,,,
watsoph01c,1955,NYR,NHL,1,,70,32,28,10,,5,1,4,0
watsoph01c,1956,NYR,NHL,1,,70,26,30,14,,5,1,4,0
watsoph01c,1957,NYR,NHL,1,,70,32,25,13,,6,2,4,0
watsoph01c,1958,NYR,NHL,1,,70,26,32,12,,,,,
watsoph01c,1959,NYR,NHL,1,,15,3,9,3,,,,,
watsoph01c,1961,BOS,NHL,1,,70,15,47,8,,,,,
watsoph01c,1962,BOS,NHL,1,,14,1,8,5,,,,,
watsoph01c,1972,PHB,WHA,2,,71,37,34,0,,4,0,4,0
watsoph01c,1973,VAB,WHA,2,,12,3,9,0,,,,,
wattto01c,1981,WIN,NHL,1,,80,33,33,14,,4,1,3,0
wattto01c,1982,WIN,NHL,1,,80,33,39,8,,3,0,3,0
wattto01c,1983,WIN,NHL,1,,21,6,13,2,,,,,
wattto01c,1985,VAN,NHL,1,,80,23,44,13,,3,0,3,0
wattto01c,1986,VAN,NHL,1,,80,29,43,8,,,,,
wattto01c,1990,TOR,NHL,2,,69,22,37,10,,,,,
wattto01c,1991,TOR,NHL,1,,80,30,43,7,,,,,
webstto01c,1986,NYR,NHL,2,,18,5,9,4,,,,,
webstto01c,1989,LAK,NHL,1,,80,34,39,7,,10,4,6,0
webstto01c,1990,LAK,NHL,1,,80,46,24,10,,12,6,6,0
webstto01c,1991,LAK,NHL,1,,80,35,31,14,,6,2,4,0
weilaco01c,1939,BOS,NHL,1,,48,31,12,5,,6,2,4,0
weilaco01c,1940,BOS,NHL,1,,48,27,8,13,,11,8,3,0
whitebi01c,1976,CHI,NHL,2,,46,16,24,6,,2,0,2,0
wileyji01c,1995,SJS,NHL,2,,57,17,37,3,,,,,
wilkiia01c,1972,NRA,WHA,2,interim,1,1,0,0,,,,,
wilsojo01c,1969,LAK,NHL,2,,52,9,34,9,,,,,
wilsojo01c,1971,DET,NHL,2,,67,30,27,10,,,,,
wilsojo01c,1972,DET,NHL,1,,78,37,29,12,,,,,
wilsojo01c,1974,MIB,WHA,1,,78,21,53,4,,,,,
wilsojo01c,1975,CLC,WHA,1,,80,35,40,5,,3,0,3,0
wilsojo01c,1976,COR,NHL,1,,80,20,46,14,,,,,
wilsojo01c,1977,PIT,NHL,1,,80,25,37,18,,,,,
wilsojo01c,1978,PIT,NHL,1,,80,36,31,13,,7,2,5,0
wilsojo01c,1979,PIT,NHL,1,,80,30,37,13,,5,2,3,0
wilsola01c,1976,DET,NHL,2,,36,3,29,4,,,,,
wilsori01c,2001,DAL,NHL,2,,32,13,11,7,1,,,,
wilsoro02c,1993,ANA,NHL,1,,84,33,46,5,,,,,
wilsoro02c,1994,ANA,NHL,1,,48,16,27,5,,,,,
wilsoro02c,1995,ANA,NHL,1,,82,35,39,8,,,,,
wilsoro02c,1996,ANA,NHL,1,,82,36,33,13,,11,4,7,0
wilsoro02c,1997,WAS,NHL,1,,82,40,30,12,,21,12,9,0
wilsoro02c,1998,WAS,NHL,1,,82,31,45,6,,,,,
wilsoro02c,1999,WAS,NHL,1,,82,44,24,12,2,5,1,4,0
wilsoro02c,2000,WAS,NHL,1,,82,41,27,10,4,6,2,4,0
wilsoro02c,2001,WAS,NHL,1,,82,36,33,11,2,,,,
wilsoro02c,2002,SJS,NHL,3,,57,19,25,7,6,,,,
wilsoro02c,2003,SJS,NHL,1,,82,43,21,12,6,17,10,7,0
wilsoro02c,2005,SJS,NHL,1,,82,44,27,,11,11,6,5,0
wilsoro02c,2006,SJS,NHL,1,,82,51,26,,5,11,6,5,0
wilsoro02c,2007,SJS,NHL,1,,82,49,23,,10,13,6,7,0
wilsoro02c,2008,TOR,NHL,1,,82,34,35,,13,,,,
wilsoro02c,2009,TOR,NHL,1,,82,30,38,,14,,,,
wilsoro02c,2010,TOR,NHL,1,,82,37,34,,11,,,,
wilsoro02c,2011,TOR,NHL,1,,64,29,28,,7,,,,
yawnetr01c,2005,CHI,NHL,1,,82,26,43,,13,,,,
yawnetr01c,2006,CHI,NHL,1,,21,7,12,,2,,,,
yeomi01c,2011,MIN,NHL,1,,82,35,36,,11,,,,
youngga01c,1972,CLF,NHL,1,,12,2,7,3,,,,,
youngga01c,1974,STL,NHL,3,,69,32,26,11,,2,0,2,0
youngga01c,1975,STL,NHL,1,,29,9,15,5,,,,,
youngwe02c,1909,HAI,NHA,1,,12,4,8,0,,,,,
